47398364,-2.28,1.37,-9.89
47402008,-2.31,1.18,-9.26
47405640,-2.20,1.37,-9.73
47409268,-2.20,1.06,-9.14
47412872,-2.31,0.86,-9.18
47416500,-2.39,1.14,-9.53
47420120,-2.31,1.02,-9.61
47423744,-2.28,0.90,-9.61
47427372,-2.20,0.94,-9.77
47430996,-2.28,0.59,-9.61
47434628,-2.28,0.71,-9.89
47438252,-2.28,0.67,-9.69
47441876,-2.35,0.67,-9.65
47445496,-2.28,0.63,-9.65
47449116,-2.24,0.67,-9.57
47452740,-2.20,0.75,-9.69
47456368,-2.08,0.98,-9.77
47459972,-2.24,0.98,-9.73
47463604,-2.20,1.06,-9.49
47467224,-2.20,1.29,-9.49
47470844,-2.20,1.22,-10.04
47474516,-2.12,1.53,-9.73
47478144,-2.00,1.49,-9.49
47481776,-2.20,1.53,-9.57
47485400,-1.88,1.73,-9.53
47489040,-1.77,1.57,-9.65
47492672,-2.12,1.57,-9.53
47496296,-2.00,1.84,-9.61
47499908,-2.08,1.69,-9.34
47503536,-2.16,1.69,-9.69
47507156,-2.12,1.65,-9.73
47510788,-2.20,1.73,-9.69
47514412,-2.16,1.65,-9.45
47518060,-2.20,1.61,-10.16
47521736,-2.16,1.37,-9.85
47525364,-2.28,1.26,-9.81
47529008,-2.24,1.14,-10.04
47532680,-2.35,1.14,-10.16
47536364,-2.35,0.98,-9.96
47539980,-2.35,0.94,-9.85
47543612,-2.43,0.94,-9.81
47547236,-2.35,0.86,-10.00
47550904,-2.39,0.47,-10.24
47554600,-2.35,0.82,-10.36
47558276,-2.51,0.90,-10.04
47561940,-2.39,1.02,-9.96
47565568,-2.39,1.02,-10.28
47569256,-2.35,0.90,-9.69
47572872,-2.39,1.41,-10.16
47576576,-2.31,0.94,-9.69
47580200,-2.39,1.02,-9.69
47583820,-2.43,1.10,-10.04
47587504,-2.31,1.26,-10.00
47591176,-2.28,1.14,-9.73
47594800,-2.35,1.26,-9.73
47598436,-2.35,1.29,-9.96
47602048,-2.51,1.14,-9.96
47605680,-2.43,1.37,-9.53
47609312,-2.24,1.26,-9.38
47612948,-2.47,1.53,-9.65
47616580,-2.28,1.45,-9.53
47620204,-2.16,1.41,-9.26
47623820,-2.35,1.69,-9.49
47627452,-2.31,1.61,-9.65
47631072,-2.35,1.65,-9.61
47634692,-2.35,1.53,-9.73
47638316,-2.31,1.49,-9.41
47641940,-2.12,1.73,-9.96
47645576,-2.31,1.61,-10.08
47649260,-2.31,1.53,-9.57
47652888,-2.35,1.29,-9.77
47656508,-2.28,1.14,-9.89
47660136,-2.39,1.06,-9.69
47663756,-2.43,1.02,-10.16
47667444,-2.35,0.78,-9.89
47671056,-2.28,0.59,-9.89
47674680,-2.43,0.67,-10.08
47678360,-2.47,0.67,-10.24
47682044,-2.39,0.63,-10.12
47685720,-2.35,0.59,-10.20
47689388,-2.43,0.75,-9.77
47693024,-2.47,0.90,-10.04
47696684,-2.35,1.14,-10.04
47700360,-2.51,1.14,-9.92
47704000,-2.28,1.37,-9.85
47707636,-2.31,1.22,-9.34
47711272,-2.31,1.61,-9.69
47714900,-2.43,1.69,-9.92
47718532,-2.39,1.88,-9.81
47722144,-2.20,1.49,-9.45
47725776,-2.35,1.88,-10.08
47729452,-2.31,1.45,-9.41
47733064,-2.24,1.37,-9.22
47736692,-2.28,1.92,-9.69
47740312,-2.28,1.45,-9.65
47743940,-2.20,1.65,-9.92
47747580,-2.16,1.10,-9.69
47751208,-2.28,1.22,-10.24
47754884,-2.12,1.06,-9.57
47758516,-2.39,0.78,-9.49
47762140,-2.20,0.63,-9.53
47765764,-2.43,0.75,-9.49
47769384,-2.55,0.51,-9.85
47773024,-2.31,0.39,-9.53
47776652,-2.35,0.47,-9.57
47780272,-2.43,0.55,-10.12
47783968,-2.47,0.24,-9.77
47787596,-2.47,0.27,-9.85
47791232,-2.47,0.43,-9.96
47794844,-2.43,0.55,-9.92
47798464,-2.39,0.71,-10.32
47802144,-2.39,0.94,-9.65
47805776,-2.24,1.02,-10.08
47809464,-2.28,1.18,-10.20
47813140,-2.20,1.26,-9.65
47816772,-2.24,1.33,-9.69
47820400,-2.20,1.49,-9.81
47824032,-2.16,1.33,-9.69
47827656,-2.12,1.57,-9.81
47831284,-2.12,1.49,-9.65
47834916,-2.08,1.41,-9.49
47838540,-2.08,1.96,-9.49
47842160,-2.24,1.41,-8.83
47845784,-2.20,1.69,-9.45
47849408,-2.16,1.22,-9.38
47853040,-2.20,1.53,-9.10
47856656,-2.16,1.37,-8.75
47860276,-2.16,0.98,-9.10
47863896,-2.28,0.98,-8.83
47867512,-2.24,0.86,-9.49
47871140,-2.28,0.94,-10.12
47874824,-2.20,0.39,-9.30
47878440,-2.31,0.51,-9.30
47882052,-2.28,0.39,-9.69
47885684,-2.31,0.24,-9.49
47889324,-2.31,0.39,-9.92
47892940,-2.43,0.82,-9.96
47896568,-2.31,0.71,-10.36
47900264,-2.24,0.51,-9.96
47903904,-2.31,1.14,-10.00
47907584,-2.31,1.18,-10.00
47911264,-2.43,1.18,-9.96
47914892,-2.43,1.37,-9.89
47918516,-2.39,1.53,-10.08
47922204,-2.28,1.57,-10.04
47925880,-2.28,1.33,-9.77
47929516,-2.08,1.45,-9.73
47933132,-2.43,1.26,-9.69
47936764,-2.35,1.22,-9.65
47940384,-2.35,1.02,-9.57
47944012,-2.39,1.10,-9.14
47947628,-2.47,1.26,-9.45
47951252,-2.35,1.22,-9.57
47954876,-2.31,1.06,-9.34
47958508,-2.35,1.10,-9.49
47962136,-2.39,1.14,-9.45
47965768,-2.51,1.14,-9.38
47969404,-2.39,1.02,-9.41
47973016,-2.51,1.10,-9.69
47976632,-2.47,0.98,-9.34
47980252,-2.51,0.86,-9.77
47983868,-2.55,0.86,-9.53
47987484,-2.43,0.82,-9.77
47991096,-2.59,0.71,-9.77
47994716,-2.47,0.59,-9.96
47998344,-2.43,0.55,-10.00
48002024,-2.47,0.82,-9.96
48005640,-2.39,0.71,-9.85
48009264,-2.43,0.82,-9.77
48012888,-2.35,0.86,-10.12
48016580,-2.43,0.86,-10.12
48020256,-2.35,1.06,-10.08
48023924,-2.31,1.45,-9.96
48027568,-2.20,1.26,-10.08
48031240,-2.20,0.82,-10.04
48034916,-2.31,1.10,-9.96
48038536,-2.28,1.26,-10.08
48042216,-2.35,1.10,-9.65
48045832,-2.31,1.14,-9.34
48049460,-2.24,1.61,-9.73
48053076,-2.31,1.06,-9.38
48056696,-2.28,1.57,-9.81
48060340,-2.24,1.14,-9.38
48063988,-2.24,1.61,-9.92
48067620,-2.28,1.41,-9.10
48071244,-2.31,1.53,-9.77
48074880,-2.24,1.26,-9.14
48078504,-2.28,1.22,-9.38
48082132,-2.28,0.98,-9.06
48085752,-2.35,0.63,-9.30
48089368,-2.43,1.06,-9.65
48092996,-2.31,1.18,-9.85
48096628,-2.51,0.75,-9.57
48100264,-2.43,0.94,-9.77
48103884,-2.39,0.55,-9.38
48107500,-2.63,0.63,-9.85
48111128,-2.55,0.78,-9.85
48114756,-2.31,0.71,-9.92
48118384,-2.67,0.71,-10.47
48122072,-2.28,0.47,-10.24
48125764,-2.43,0.51,-10.28
48129448,-2.43,0.78,-9.92
48133052,-2.47,0.59,-10.00
48136720,-2.51,0.55,-10.28
48140412,-2.39,0.59,-9.77
48144020,-2.43,0.55,-9.92
48147644,-2.35,0.90,-10.00
48151308,-2.35,0.86,-9.65
48154928,-2.43,0.94,-9.77
48158556,-2.31,1.10,-9.81
48162180,-2.24,1.18,-10.08
48165856,-2.28,1.06,-9.57
48169472,-2.31,1.22,-9.81
48173096,-2.31,1.10,-9.53
48176716,-2.31,1.41,-9.81
48180340,-2.28,1.02,-9.61
48183960,-2.28,1.10,-9.65
48187592,-2.35,1.26,-9.65
48191220,-2.20,1.14,-9.26
48194840,-2.28,0.82,-9.22
48198464,-2.31,0.86,-9.53
48202080,-2.24,0.86,-9.30
48205692,-2.28,0.71,-9.22
48209328,-2.31,0.75,-9.30
48212952,-2.35,0.90,-9.57
48216576,-2.28,0.43,-9.73
48220204,-2.28,0.63,-9.69
48223824,-2.28,0.55,-9.89
48227464,-2.24,0.47,-9.92
48231064,-2.31,0.71,-9.81
48234692,-2.20,0.39,-9.89
48238320,-2.35,0.82,-10.08
48242000,-2.43,0.63,-10.08
48245684,-2.31,0.47,-9.81
48249320,-2.31,0.51,-9.57
48252964,-2.31,0.71,-10.00
48256632,-2.47,1.18,-9.92
48260264,-2.55,1.18,-10.04
48263940,-2.51,1.02,-9.89
48267568,-2.59,1.10,-10.20
48271236,-2.35,1.10,-9.77
48274860,-2.08,1.18,-9.89
48278480,-2.59,0.94,-9.45
48282100,-2.51,0.82,-10.08
48285768,-2.43,1.02,-9.77
48289400,-2.43,0.90,-10.16
48293064,-2.47,0.71,-9.89
48296684,-2.47,0.59,-9.81
48300316,-2.35,0.63,-10.12
48304004,-2.47,0.63,-10.00
48307668,-2.31,0.55,-9.81
48311288,-2.31,0.71,-9.89
48314912,-2.35,0.59,-9.61
48318540,-2.28,0.82,-9.73
48322164,-2.24,0.82,-9.53
48325792,-2.20,1.18,-10.16
48329468,-2.20,1.18,-9.73
48333080,-2.20,1.33,-9.57
48336696,-2.20,1.45,-9.81
48340332,-2.12,1.45,-9.38
48343980,-2.20,1.65,-9.57
48347596,-2.28,1.53,-9.73
48351224,-2.28,1.33,-9.89
48354856,-2.24,0.94,-9.53
48358472,-2.28,0.98,-9.65
48362084,-2.28,0.75,-9.57
48365720,-2.31,0.86,-9.77
48369336,-2.31,0.67,-9.69
48372964,-2.39,0.35,-9.81
48376592,-2.39,0.16,-9.38
48380216,-2.39,0.47,-10.08
48383892,-2.43,0.55,-9.92
48387512,-2.39,0.82,-10.08
48391200,-2.51,0.78,-10.12
48394872,-2.43,0.67,-9.53
48398500,-2.31,0.67,-9.89
48402120,-2.35,0.71,-9.81
48405752,-2.31,0.86,-9.77
48409368,-2.35,1.10,-9.57
48413000,-2.39,1.02,-10.24
48416684,-2.39,1.02,-9.92
48420308,-2.47,0.63,-9.61
48423928,-2.28,0.98,-9.96
48427552,-2.35,0.71,-9.65
48431176,-2.35,1.02,-10.00
48434832,-2.35,0.59,-9.57
48438452,-2.20,0.82,-10.00
48442116,-2.24,0.75,-9.26
48445748,-2.39,1.06,-9.65
48449364,-2.04,1.26,-9.06
48452992,-2.12,1.53,-9.53
48456628,-2.31,1.37,-9.69
48460260,-2.39,1.29,-9.69
48463900,-2.28,1.06,-9.49
48467532,-2.59,1.14,-10.28
48471220,-2.43,1.14,-9.81
48474848,-2.43,1.10,-10.04
48478528,-2.51,0.86,-9.45
48482144,-2.55,0.59,-9.92
48485764,-2.55,0.39,-9.61
48489404,-2.39,0.39,-9.89
48493028,-2.35,0.27,-10.04
48496700,-2.31,0.47,-9.89
48500336,-2.31,0.31,-10.16
48504016,-2.43,0.51,-9.69
48507640,-2.51,0.47,-10.12
48511336,-2.35,0.78,-9.85
48514964,-2.43,1.06,-10.00
48518640,-2.39,0.90,-10.00
48522312,-2.31,0.78,-9.92
48525940,-2.28,1.10,-10.04
48529620,-2.20,0.94,-9.77
48533232,-2.24,1.33,-9.77
48536856,-2.12,1.10,-9.77
48540480,-2.28,1.41,-9.89
48544116,-2.28,1.14,-9.53
48547752,-2.28,1.53,-9.57
48551392,-2.20,1.57,-10.20
48555064,-2.16,1.26,-9.69
48558692,-2.12,1.02,-9.26
48562328,-2.08,1.14,-9.65
48565948,-2.28,0.94,-9.65
48569576,-2.20,0.63,-9.18
48573200,-2.35,0.90,-9.61
48576808,-2.43,0.98,-9.61
48580428,-2.35,0.59,-9.45
48584044,-2.31,0.98,-10.00
48587712,-2.24,0.71,-9.89
48591348,-2.24,0.67,-10.04
48595020,-2.20,0.63,-9.73
48598636,-2.31,0.27,-9.89
48602268,-2.20,0.35,-9.57
48605892,-2.51,0.31,-9.73
48609532,-2.35,0.39,-10.12
48613212,-2.35,0.24,-9.61
48616836,-2.35,0.35,-9.89
48620468,-2.31,0.24,-9.65
48624100,-2.20,0.31,-9.96
48627728,-2.35,0.27,-10.00
48631404,-2.24,0.35,-10.20
48635072,-2.28,0.51,-9.92
48638696,-2.08,0.55,-10.08
48642364,-2.08,0.86,-10.28
48646040,-2.00,0.94,-10.00
48649712,-1.96,1.18,-10.28
48653400,-1.92,1.18,-9.69
48657012,-1.73,1.33,-9.57
48660644,-1.77,1.53,-9.14
48664268,-1.84,1.37,-9.14
48667896,-1.88,2.16,-10.00
48671572,-1.73,1.88,-8.71
48675196,-1.69,1.96,-8.94
48678820,-1.65,1.96,-8.94
48682436,-1.65,2.31,-8.87
48686056,-1.69,2.31,-9.26
48689688,-1.80,2.28,-8.94
48693316,-1.80,2.12,-8.47
48696940,-2.00,1.65,-8.71
48700568,-2.16,1.65,-8.43
48704196,-2.20,1.57,-8.71
48707812,-2.12,0.71,-8.43
48711432,-2.12,0.67,-8.83
48715044,-2.16,0.67,-8.94
48718672,-2.20,0.43,-8.71
48722308,-2.24,0.12,-8.47
48725928,-2.31,0.00,-9.26
48729544,-2.31,0.12,-9.18
48733172,-2.35,-0.24,-9.85
48736820,-2.20,0.04,-9.77
48740432,-2.20,-0.12,-10.24
48744124,-2.24,0.12,-10.43
48747808,-2.08,0.12,-10.40
48751476,-2.20,0.20,-10.24
48755144,-2.20,0.27,-10.28
48758832,-2.16,0.12,-10.55
48762516,-2.51,0.20,-10.04
48766184,-2.55,0.27,-9.89
48769804,-2.24,0.59,-10.24
48773492,-2.08,0.71,-10.40
48777160,-2.31,1.02,-10.00
48780832,-2.24,1.10,-9.89
48784456,-2.28,1.26,-10.12
48788132,-2.24,1.18,-9.61
48791760,-2.31,1.22,-9.96
48795396,-2.39,1.57,-9.85
48799008,-2.35,1.49,-9.73
48802632,-2.39,1.26,-9.61
48806260,-2.28,1.18,-9.41
48809904,-2.35,0.78,-9.81
48813536,-2.43,0.55,-8.83
48817164,-2.12,0.16,-8.94
48820780,-2.24,-0.31,-9.38
48824420,1.26,0.08,-2.71
48828016,-10.40,-1.53,-6.08
48831712,-3.22,2.04,-6.67
48835336,-2.04,-1.02,-8.59
48838976,-1.80,-0.20,-8.20
48842592,-1.37,0.27,-8.47
48846216,-1.65,0.94,-9.10
48849832,-1.84,1.41,-9.02
48853448,-1.65,1.69,-9.73
48857064,-1.88,1.96,-9.96
48860680,-1.92,2.24,-9.69
48864312,-2.00,1.88,-9.81
48867924,-2.00,2.04,-10.08
48871596,-2.24,1.37,-9.49
48875224,-2.24,0.55,-9.38
48878852,-2.31,0.63,-9.69
48882472,-2.47,0.47,-9.38
48886096,-2.31,0.31,-10.04
48889780,-2.28,0.27,-9.89
48893416,-2.39,0.27,-10.04
48897088,-2.43,-0.20,-10.00
48900764,-2.47,0.20,-10.40
48904440,-2.75,0.20,-10.47
48908104,-2.90,0.00,-10.24
48911764,-2.71,0.04,-10.16
48915428,-2.31,0.00,-10.59
48919092,-2.63,0.04,-10.79
48922780,-2.63,-0.08,-10.94
48926464,-2.67,-0.51,-10.36
48930168,-2.63,-0.75,-10.83
48933880,-2.71,-0.63,-11.22
48937584,-2.51,-0.59,-10.79
48941292,-2.43,-0.75,-11.41
48944988,-2.28,-1.14,-10.87
48948712,-2.20,0.04,-10.47
48952384,-2.39,-0.98,-10.94
48956064,-2.12,-0.78,-11.10
48959760,-2.24,0.43,-11.96
48963440,-2.39,0.12,-9.65
48967036,-2.47,0.00,-9.92
48970652,-2.12,0.24,-10.12
48974336,-1.92,0.94,-9.85
48977972,-2.08,1.06,-8.98
48981584,-1.80,1.53,-9.06
48985204,-1.53,2.24,-8.71
48988824,-1.33,2.71,-8.90
48992440,-1.37,3.33,-8.83
48996056,-1.45,3.53,-8.36
48999680,-1.53,3.77,-8.36
49003304,-1.65,3.96,-8.94
49006932,-1.96,3.73,-8.63
49010560,-2.08,3.22,-8.43
49014176,-2.43,2.55,-8.28
49017796,-2.67,1.57,-8.47
49021428,-2.86,0.55,-8.63
49025048,-3.02,-0.55,-8.43
49028680,-3.26,-1.22,-8.51
49032332,-3.14,-1.69,-8.47
49035980,-3.14,-1.65,-8.51
49039624,-2.82,-1.45,-9.45
49043260,-2.67,-1.22,-9.89
49046912,-2.43,-0.47,-10.28
49050608,-2.31,-0.20,-10.63
49054312,-2.47,0.16,-10.59
49057992,-2.43,0.16,-11.14
49061676,-2.08,0.71,-11.53
49065364,-1.77,0.12,-12.12
49069040,-1.96,1.33,-11.61
49072736,-2.12,1.29,-11.61
49076424,-2.16,1.22,-11.22
49080108,-2.20,1.53,-20.08
49083784,-20.08,-1.92,-20.08
49087544,20.04,-20.08,-11.06
49091336,-20.08,20.04,20.04
49095112,7.26,-20.08,-10.63
49098868,20.04,-1.84,-17.22
49102604,6.24,-4.12,3.22
49106216,2.12,-9.26,-0.47
49109848,0.39,2.43,-10.90
49113512,20.04,-6.94,-1.02
49117196,-6.04,-5.37,-15.06
49120888,-0.90,1.49,-9.10
49124508,-2.08,2.59,-10.00
49128172,-5.02,2.31,-8.08
49131784,-7.02,2.51,-8.71
49135408,-4.86,2.67,-10.16
49139092,-4.39,2.00,-10.63
49142768,-2.47,1.33,-10.87
49146464,-0.51,0.27,-10.47
49150144,-1.41,-0.63,-9.61
49153788,-0.31,-0.08,-9.57
49157412,-1.02,0.75,-8.83
49161016,-2.20,1.26,-8.79
49164644,-2.86,1.33,-8.94
49168276,-4.04,1.37,-10.00
49171960,-3.26,1.33,-9.73
49175600,-2.82,0.78,-10.67
49179288,-2.67,0.16,-10.32
49182984,-1.88,0.12,-10.51
49186664,-2.08,-0.04,-9.85
49190288,-1.96,-0.55,-9.81
49193932,-2.12,-0.59,-9.49
49197564,-2.20,-1.10,-9.41
49201200,-2.43,-1.18,-8.83
49204848,-2.63,-0.78,-9.65
49208500,-2.63,-0.39,-9.73
49212136,-2.67,0.31,-9.77
49215756,-2.86,0.98,-10.40
49219428,-2.82,1.29,-10.36
49223108,-2.82,1.45,-10.75
49226796,-2.71,2.08,-10.90
49230464,-2.86,2.08,-10.67
49234140,-2.67,2.04,-10.71
49237816,-2.59,1.57,-10.67
49241508,-2.43,1.14,-10.32
49245208,-2.39,0.75,-10.28
49248892,-2.24,0.08,-10.32
49252564,-2.28,-0.31,-10.00
49256252,-2.39,-0.35,-9.81
49259896,-2.86,-0.27,-10.08
49263580,-2.71,0.04,-9.61
49267200,-2.71,-0.20,-10.47
49270892,-2.28,0.20,-10.08
49274560,-1.92,0.94,-9.96
49278180,-2.04,0.75,-10.04
49281864,-0.67,2.79,-6.32
49285496,-2.67,2.16,-8.08
49289128,-2.94,0.31,-9.61
49292748,-2.98,0.04,-9.69
49296368,-2.98,0.24,-9.57
49299976,-2.59,0.94,-9.61
49303600,-2.28,1.69,-9.41
49307232,-1.73,1.65,-9.02
49310872,-2.31,1.80,-8.28
49314492,-2.63,1.22,-9.49
49318116,-2.67,1.45,-9.26
49321736,-2.67,1.10,-8.83
49325360,-2.59,1.29,-9.26
49328976,-2.47,1.61,-9.26
49332600,-2.51,1.26,-9.26
49336236,-2.75,0.98,-9.45
49339868,-2.24,0.78,-9.85
49343500,-2.28,1.41,-9.34
49347124,-2.55,1.96,-8.08
49350744,4.12,0.08,-20.08
49354392,-0.43,5.69,-9.69
49358012,-0.75,-1.18,-14.32
49361712,-2.12,0.51,-11.85
49365396,-2.82,-0.94,-9.65
49369028,-3.10,0.47,-11.02
49372704,-2.63,0.51,-10.40
49376396,-2.63,1.26,-10.32
49380080,-2.59,1.22,-9.96
49383712,-2.79,1.37,-10.20
49387396,-3.02,1.37,-10.47
49391084,-2.94,1.61,-10.47
49394760,-2.94,1.69,-9.92
49398392,-2.90,1.88,-9.92
49402008,-2.35,1.92,-10.08
49405696,-2.79,1.37,-10.51
49409392,-2.82,1.41,-10.00
49413052,-2.82,0.98,-9.92
49416676,-2.79,0.82,-9.89
49420300,-2.79,0.55,-9.57
49423924,-2.86,0.51,-9.53
49427548,-2.86,0.31,-9.85
49431164,-2.86,0.24,-9.89
49434796,-2.94,0.43,-9.81
49438416,-2.82,0.43,-9.85
49442028,-2.71,0.51,-9.77
49445656,-2.63,0.78,-9.77
49449280,-2.59,1.33,-9.89
49452916,-2.63,1.41,-9.38
49456540,-2.63,1.77,-9.73
49460168,-2.75,1.33,-9.30
49463800,-2.63,2.16,-9.92
49467436,-2.59,1.77,-9.77
49471052,-2.59,2.00,-9.92
49474664,-2.59,2.24,-9.69
49478284,-2.63,2.55,-10.24
49481972,-2.59,2.28,-9.96
49485600,-2.71,2.47,-10.04
49489284,-2.71,2.28,-10.00
49492964,-2.71,1.96,-9.77
49496584,-2.79,1.73,-9.61
49500216,-3.02,1.22,-9.92
49503848,-2.86,0.71,-9.89
49507488,-2.75,0.67,-9.77
49511112,-2.79,0.20,-9.89
49514736,-2.86,-0.08,-10.04
49518416,-2.79,-0.35,-9.53
49522052,-2.86,-0.35,-9.45
49525692,-2.86,-0.55,-9.18
49529344,-2.86,-0.43,-9.41
49532980,-2.75,-0.43,-9.92
49536616,-2.75,-0.27,-9.92
49540260,-2.63,0.00,-10.20
49543928,-2.79,0.24,-10.59
49547608,-2.71,0.59,-10.43
49551284,-2.67,0.82,-9.96
49554924,-2.75,1.45,-10.32
49558612,-2.82,1.80,-10.04
49562280,-2.75,1.80,-10.28
49565964,-2.75,2.00,-10.71
49569640,-2.75,1.77,-10.20
49573320,-2.63,2.12,-10.67
49577016,-2.79,1.73,-10.20
49580696,-2.71,1.80,-9.77
49584312,-2.67,1.18,-9.61
49587960,-2.79,1.18,-9.57
49591584,-2.51,0.59,-9.14
49595208,-2.59,0.63,-8.90
49598832,-2.55,0.67,-9.30
49602452,-2.47,0.67,-9.14
49606068,-2.59,0.51,-9.38
49609700,-2.51,0.71,-9.18
49613324,-2.67,0.59,-9.53
49616956,-2.59,0.63,-9.06
49620572,-2.59,0.67,-9.65
49624200,-2.24,0.86,-9.73
49627820,-2.28,1.06,-9.73
49631444,-2.20,1.14,-10.08
49635112,-2.55,1.10,-9.77
49638744,-2.43,1.29,-10.20
49642420,-2.31,1.41,-9.65
49646052,-2.20,1.41,-9.96
49649684,-2.39,1.65,-9.69
49653300,-2.39,1.65,-9.73
49656932,-2.31,1.57,-9.77
49660548,-2.31,1.45,-9.49
49664180,-2.51,1.45,-9.92
49667796,-2.55,1.29,-9.69
49671416,-2.51,1.06,-9.89
49675028,-2.59,0.86,-10.04
49678708,-2.59,0.59,-9.61
49682348,-2.59,0.47,-9.85
49685964,-2.63,0.31,-9.45
49689584,-2.67,0.08,-9.41
49693200,-2.63,0.12,-9.81
49696832,-2.63,0.04,-9.69
49700444,-2.63,-0.04,-9.73
49704088,-2.59,0.08,-9.81
49707696,-2.59,0.20,-9.53
49711312,-2.59,0.20,-9.65
49714936,-2.55,-0.04,-9.96
49718560,-2.59,-0.08,-9.45
49722188,-2.63,0.43,-9.96
49725812,-2.59,0.31,-9.69
49729444,-2.59,-0.04,-9.30
49733064,-2.55,0.24,-9.57
49736696,-2.55,0.90,-9.65
49740312,-2.51,0.90,-9.61
49743932,-2.51,1.22,-9.22
49747568,-2.31,1.29,-9.53
49751200,-2.35,1.37,-9.22
49754832,-2.35,1.69,-9.57
49758452,-2.55,1.69,-9.26
49762076,-2.55,1.88,-8.71
49765696,-2.55,1.96,-9.22
49769328,-2.55,1.84,-9.26
49772952,-2.55,1.88,-9.10
49776568,-2.55,2.00,-9.10
49780180,-2.55,1.65,-8.87
49783804,-3.06,1.33,-9.02
49787412,-3.02,1.53,-8.20
49791028,-2.24,1.18,-8.90
49794648,-2.55,1.02,-9.18
49798276,-2.59,1.02,-9.57
49801896,-2.43,1.06,-9.53
49805528,-2.51,0.78,-9.49
49809152,-2.59,0.43,-9.53
49812768,-2.59,0.27,-9.77
49816388,-2.63,-0.16,-9.69
49820020,-2.71,-0.51,-9.81
49823684,-2.90,-0.86,-9.96
49827316,-2.86,-1.02,-9.73
49830964,-2.67,-0.90,-10.04
49834644,-2.82,-0.75,-10.16
49838348,-2.90,-0.51,-10.04
49842020,-2.79,-0.51,-9.77
49845672,-3.02,0.04,-9.65
49849276,-2.75,0.27,-10.51
49852952,-2.79,0.55,-10.24
49856644,-2.79,1.02,-10.04
49860324,-2.75,1.29,-10.16
49863996,-2.67,1.33,-9.89
49867620,-2.67,1.37,-9.89
49871252,-2.71,1.29,-9.65
49874880,-2.86,1.14,-9.53
49878520,-2.90,1.06,-9.41
49882148,-2.94,0.94,-9.18
49885772,-2.82,0.94,-10.16
49889456,-2.24,0.98,-9.89
49893084,-2.59,0.90,-9.89
49896700,-2.63,0.75,-9.77
49900336,-2.59,0.31,-9.61
49903956,-2.51,0.20,-9.30
49907572,-2.67,0.47,-9.41
49911196,-2.63,0.08,-9.26
49914820,-2.59,0.12,-9.69
49918464,-2.51,0.31,-9.89
49922100,-2.47,0.16,-9.81
49925724,-2.47,0.16,-9.96
49929368,-2.39,0.39,-9.92
49932980,-2.43,0.31,-10.20
49936656,-2.31,0.67,-9.89
49940280,-2.35,0.55,-10.20
49943960,-2.35,0.78,-10.12
49947640,-2.16,0.86,-9.89
49951260,-2.24,0.63,-9.61
49954892,-2.16,1.18,-10.00
49958564,-2.28,1.14,-10.20
49962260,-1.88,0.94,-9.53
49965888,-2.43,0.90,-9.49
49969524,-2.20,0.75,-9.45
49973152,-2.24,1.33,-9.85
49976772,-2.43,1.41,-9.77
49980392,-2.39,1.57,-9.77
49984004,-2.39,1.45,-9.69
49987628,-2.24,1.41,-9.57
49991264,-2.59,1.29,-9.77
49994908,-2.63,0.71,-9.69
49998524,-2.59,0.71,-9.18
50002140,-2.75,0.51,-9.18
50005760,-2.71,0.55,-9.14
50009388,-2.79,0.47,-9.38
50013000,-2.71,0.51,-8.71
50016628,-2.63,0.59,-8.98
50020256,-2.63,0.63,-9.22
50023892,-2.71,0.67,-9.18
50027528,-2.67,0.39,-9.06
50031140,-2.79,0.16,-9.69
50034760,-2.75,-0.12,-9.61
50038396,-2.82,-0.47,-9.69
50042040,-2.63,-0.86,-9.89
50045684,-2.71,-0.98,-9.89
50049324,-2.59,-1.14,-10.43
50053012,-2.55,-1.26,-9.77
50056672,-2.59,-1.14,-10.28
50060376,-2.59,-0.94,-10.20
50064064,-2.71,-0.27,-10.20
50067760,-2.59,-0.08,-10.36
50071464,-2.55,0.20,-10.32
50075148,-2.59,0.47,-10.20
50078832,-2.43,0.31,-9.85
50082452,-1.73,-2.00,-11.02
50086132,-2.71,-4.39,-8.16
50089780,-3.57,-2.94,-9.89
50093428,-2.90,0.98,-9.53
50097048,-2.39,-0.39,-8.67
50100680,-1.77,0.27,-9.45
50104304,-1.69,0.43,-9.38
50107936,-2.12,0.24,-9.18
50111564,-2.08,0.04,-9.22
50115160,-2.12,0.00,-8.90
50118760,-2.55,0.08,-8.87
50122372,-2.28,0.12,-8.71
50126000,-2.12,0.47,-9.41
50129628,-2.08,0.31,-9.45
50133252,-2.28,0.35,-8.94
50136880,-2.20,0.12,-8.98
50140516,-2.12,0.31,-9.73
50144144,-2.20,-0.04,-8.94
50147772,-2.16,0.08,-9.38
50151388,-2.39,0.24,-9.14
50155008,-2.35,0.31,-9.41
50158640,-2.24,0.20,-9.30
50162264,-2.28,0.39,-9.77
50165900,-2.28,0.24,-9.89
50169520,-2.28,0.35,-9.92
50173148,-2.51,0.20,-9.85
50176776,-2.59,-0.04,-10.12
50180468,-2.55,-0.24,-10.00
50184152,-2.51,-0.43,-9.65
50187792,-2.63,-0.39,-10.04
50191488,-2.55,-0.55,-9.73
50195124,-2.59,-0.63,-10.08
50198824,-2.47,-0.82,-9.69
50202468,-2.43,-0.71,-9.14
50206112,-2.47,-0.63,-9.73
50209748,-2.55,-0.67,-9.30
50213384,-2.51,-0.08,-9.65
50217012,-2.43,0.12,-9.41
50220644,-2.35,0.24,-9.85
50224272,-2.39,0.27,-9.65
50227892,-2.39,0.12,-9.77
50231516,-2.35,0.35,-9.85
50235136,-2.43,0.35,-9.45
50238756,-2.43,0.08,-9.10
50242368,-2.51,0.04,-9.26
50245972,-2.82,0.27,-9.92
50249596,-2.63,0.31,-9.53
50253232,-2.51,0.31,-9.57
50256852,-2.35,0.35,-9.73
50260488,-2.39,0.78,-10.08
50264156,-2.51,0.24,-9.45
50267776,-3.06,0.39,-10.20
50271456,-2.79,-0.04,-9.30
50275084,-2.71,0.04,-9.77
50278704,-2.55,-0.08,-10.12
50282404,-2.63,-0.12,-9.41
50286040,-2.67,-0.47,-9.45
50289684,-2.43,-0.63,-9.89
50293320,0.98,0.00,-20.08
50296956,-20.08,20.04,-20.08
50300736,-9.73,-20.08,-8.98
50304452,-20.08,-10.12,-20.08
50308264,-20.08,8.00,20.04
50311968,17.57,-9.22,-9.61
50315672,-20.08,19.85,-20.08
50319464,0.59,3.96,-5.18
50323068,-13.61,1.29,-20.08
50326820,-14.75,9.14,-15.14
50330556,-8.43,5.53,-8.94
50334192,-4.35,6.16,-12.04
50337884,-0.98,3.45,-12.36
50341556,-6.39,0.94,-13.02
50345240,-1.65,-1.26,-12.59
50348940,1.69,-2.16,-11.06
50352628,-1.10,-1.73,-10.83
50356336,-1.57,-0.59,-10.32
50360028,-1.92,1.22,-9.41
50363660,-3.30,0.27,-9.34
50367288,-5.57,-0.04,-10.28
50370976,-6.63,0.31,-10.36
50374672,-3.53,0.35,-9.96
50378304,-4.24,0.31,-10.63
50381984,-2.94,0.27,-9.61
50385604,-0.75,1.02,-8.79
50389236,-0.71,0.78,-8.43
50392860,-2.24,1.29,-9.06
50396484,-2.08,2.00,-9.41
50400092,-2.12,1.92,-9.57
50403716,-3.02,1.69,-9.53
50407352,-2.98,1.49,-10.24
50411032,-2.47,0.39,-9.73
50414660,-2.59,-1.18,-8.87
50418300,-2.55,-2.35,-8.20
50421940,-2.67,-3.45,-7.69
50425576,-2.55,-4.31,-7.57
50429228,-2.79,-5.10,-7.92
50432876,-2.43,-5.26,-8.04
50436508,-2.51,-4.98,-8.36
50440152,-2.43,-4.59,-8.67
50443796,-2.90,-3.02,-9.77
50447424,-2.00,-2.55,-10.47
50451108,-1.45,-0.59,-10.83
50454808,-1.22,1.57,-11.06
50458500,-0.94,2.86,-11.10
50462184,0.51,3.65,-11.92
50465856,-0.86,3.80,-10.32
50469524,-2.04,2.63,-10.59
50473200,-2.31,1.84,-11.18
50476892,-2.39,1.14,-10.47
50480576,-2.24,1.26,-10.04
50484260,-2.00,1.57,-9.61
50487880,-1.69,1.53,-9.02
50491504,-2.04,0.94,-8.87
50495112,-2.59,1.18,-7.77
50498748,-2.98,0.35,-8.32
50502368,-2.86,0.31,-8.04
50505976,-3.02,0.27,-8.43
50509596,-3.18,0.39,-8.20
50513224,-3.61,-0.39,-9.38
50516872,-2.35,0.39,-7.88
50520500,-3.33,-1.92,-2.08
50524128,-2.24,1.88,7.88
50527732,-1.65,-2.12,0.59
50531364,-0.04,-3.26,-5.41
50534996,-0.71,-3.10,-8.12
50538652,-1.65,-2.98,-8.32
50542300,-2.28,-1.61,-8.79
50545944,-2.71,-0.59,-9.26
50549584,-2.55,-0.31,-9.06
50553232,-2.08,-0.16,-10.47
50556932,-2.55,-0.75,-10.16
50560644,-2.55,-0.71,-10.98
50564344,-2.71,-0.47,-10.67
50568044,-2.39,-0.16,-10.83
50571740,-2.86,0.24,-10.43
50575416,-2.90,0.71,-10.47
50579084,-2.90,1.06,-10.63
50582760,-2.98,1.06,-10.47
50586444,-3.02,1.14,-10.75
50590120,-3.02,1.22,-10.55
50593828,-3.10,0.90,-10.63
50597500,-3.10,0.47,-9.81
50601120,-3.26,0.55,-10.00
50604804,-3.30,0.31,-9.92
50608436,-3.41,0.39,-9.65
50612060,-3.33,0.31,-9.57
50615688,-3.18,0.16,-9.41
50619324,-2.94,-0.27,-9.18
50622960,-2.98,-0.12,-9.65
50626600,-2.86,-0.55,-9.61
50630244,-3.02,-0.47,-9.69
50633888,-3.30,-0.67,-9.89
50637536,-3.14,-0.31,-10.08
50641236,-2.98,-0.35,-9.92
50644872,-2.90,0.00,-10.20
50648536,-2.90,0.24,-10.32
50652220,-2.86,0.31,-10.24
50655904,-2.79,0.63,-10.43
50659596,-2.75,0.78,-10.51
50663288,-2.67,0.90,-10.16
50666956,-2.75,0.90,-10.16
50670648,-2.82,1.06,-9.77
50674272,-2.79,1.26,-10.20
50677960,-2.86,1.02,-10.08
50681644,-2.90,0.90,-9.92
50685244,-2.94,1.14,-9.81
50688876,-3.02,0.82,-9.69
50692492,-3.10,0.78,-9.57
50696116,-3.10,0.86,-9.77
50699732,-3.18,0.55,-9.49
50703356,-3.18,0.78,-9.30
50706960,-3.10,0.63,-9.22
50710584,-3.06,0.27,-9.69
50714208,-3.10,0.47,-9.45
50717836,-3.10,0.47,-9.96
50721452,-3.10,0.27,-9.41
50725068,-2.94,-0.20,-9.69
50728700,-3.02,-0.08,-9.65
50732336,-2.94,0.20,-9.92
50735944,-2.86,0.20,-10.12
50739636,-2.82,0.35,-10.28
50743336,-2.98,0.31,-10.20
50747000,-2.82,0.59,-10.71
50750684,-2.63,0.55,-10.08
50754360,-2.51,0.86,-10.20
50758036,-2.67,0.86,-10.32
50761720,-2.79,0.63,-10.36
50765412,-2.82,0.71,-10.24
50769096,-2.86,0.43,-9.96
50772716,-2.75,0.39,-9.65
50776340,-2.79,0.31,-9.85
50779964,-2.79,0.12,-9.77
50783584,-2.67,0.00,-9.89
50787176,-2.75,0.00,-9.73
50790796,-2.75,-0.12,-9.30
50794444,-2.71,-0.31,-9.61
50798088,-2.75,-0.35,-9.45
50801724,-2.71,-0.24,-9.49
50805360,-2.63,-0.27,-9.34
50809008,-2.59,0.08,-9.49
50812632,-2.63,0.47,-9.14
50816252,-2.63,0.39,-9.10
50819872,-2.55,0.75,-9.73
50823496,-2.51,0.63,-9.53
50827124,-2.51,0.90,-9.61
50830736,-2.51,1.02,-9.41
50834356,-2.55,1.33,-9.69
50837984,-2.55,0.98,-9.69
50841608,-2.59,1.10,-9.38
50845224,-2.47,0.82,-9.53
50848852,-2.55,0.98,-9.69
50852472,-2.63,0.71,-10.24
50856152,-2.59,0.59,-9.69
50859780,-2.59,0.82,-9.85
50863400,-2.71,0.43,-9.57
50867016,-2.67,0.55,-9.69
50870652,-2.67,0.31,-9.26
50874296,-2.75,0.08,-9.41
50877908,-2.71,0.39,-9.73
50881544,-2.79,0.12,-9.61
50885164,-2.71,0.31,-9.89
50888800,-2.67,-0.04,-9.41
50892432,-2.63,0.04,-9.53
50896060,-2.63,-0.20,-8.98
50899688,-2.71,0.27,-9.61
50903316,-2.71,0.27,-9.65
50906928,-2.63,-0.04,-9.34
50910572,-2.63,0.20,-9.38
50914204,-2.59,0.51,-9.53
50917820,-2.47,0.71,-9.49
50921452,-2.59,0.82,-9.57
50925072,-2.59,0.90,-9.34
50928692,-2.59,1.02,-9.38
50932320,-2.63,1.10,-9.26
50935944,-2.55,0.98,-9.02
50939556,-2.67,0.94,-9.10
50943168,-2.55,1.06,-9.30
50946796,-2.55,0.67,-9.06
50950412,-2.51,0.63,-9.57
50954032,-2.59,0.47,-9.41
50957664,-2.59,0.47,-9.57
50961292,-2.79,0.43,-9.57
50964908,-2.86,0.12,-9.14
50968528,-2.79,0.16,-9.06
50972152,-2.75,-0.04,-9.14
50975796,-2.59,0.27,-9.22
50979432,-2.86,0.31,-9.53
50983064,-2.67,0.35,-9.49
50986676,-2.86,0.27,-9.45
50990304,-2.63,0.43,-9.85
50993924,-2.82,0.35,-9.69
50997544,-2.82,0.31,-9.85
51001172,-2.94,0.43,-9.38
51004792,-2.82,0.51,-9.89
51008440,-2.94,0.43,-9.77
51012072,-2.90,0.39,-9.73
51015688,-2.94,0.51,-9.69
51019312,-2.79,0.35,-9.81
51022932,-2.94,0.47,-9.69
51026548,-2.90,0.51,-9.69
51030176,-3.02,0.43,-9.45
51033796,-2.94,0.43,-9.57
51037428,-3.02,0.47,-9.89
51041044,-2.90,0.47,-9.73
51044664,-2.94,0.51,-9.85
51048288,-2.94,0.51,-9.81
51051904,-2.94,0.47,-9.89
51055536,-3.02,0.47,-9.92
51059160,-2.98,0.31,-10.24
51062852,-2.98,0.20,-10.32
51066524,-2.90,0.12,-10.47
51070208,-2.98,-0.08,-10.04
51073900,-2.94,-0.47,-10.08
51077596,-2.90,-0.71,-10.32
51081300,-2.82,-0.71,-10.20
51084992,-2.90,-1.14,-10.00
51088676,-2.94,-0.98,-10.47
51092376,-3.06,-0.31,-10.51
51096064,-2.59,-0.27,-10.08
51099768,-2.51,-0.08,-9.57
51103396,-2.51,0.08,-10.67
51107076,-2.51,0.12,-10.28
51110756,-2.51,0.27,-9.77
51114384,-2.55,0.43,-9.73
51118004,-2.55,0.55,-9.81
51121644,-2.59,0.78,-9.65
51125280,-2.43,0.90,-9.45
51128900,-2.47,0.98,-9.06
51132512,-2.51,1.14,-9.45
51136132,-2.47,1.18,-8.71
51139768,-2.35,1.26,-8.71
51143404,-2.51,1.45,-8.36
51147032,-2.55,1.57,-8.51
51150660,-2.59,1.53,-8.39
51154300,-2.51,1.45,-8.47
51157924,-2.59,1.22,-8.79
51161556,-2.59,0.98,-9.49
51165192,-2.51,0.94,-8.90
51168800,-2.55,0.39,-9.10
51172428,-2.59,-0.04,-8.94
51176056,-2.55,-0.12,-9.10
51179692,-2.67,-0.27,-9.26
51183332,-2.59,-0.86,-9.34
51186964,-2.59,-0.51,-9.65
51190620,-2.55,-0.67,-10.08
51194320,-2.59,-0.94,-10.12
51198012,-2.59,-1.02,-9.96
51201652,-2.55,-0.75,-10.08
51205344,-2.59,-0.71,-10.40
51209040,-2.63,-0.39,-10.63
51212740,-2.43,-0.43,-10.47
51216444,-2.43,-0.31,-10.67
51220132,-2.63,-0.24,-9.61
51223780,-2.71,0.31,-9.92
51227412,-2.63,0.47,-9.53
51231028,-2.63,0.82,-9.10
51234640,-2.63,1.02,-9.30
51238268,-2.63,1.29,-9.57
51241896,-2.59,1.41,-9.45
51245516,-2.71,1.69,-8.87
51249136,-2.75,1.77,-9.10
51252764,-2.82,1.84,-9.57
51256380,-2.79,1.61,-9.06
51260004,-2.75,1.53,-9.26
51263640,-2.90,1.22,-9.02
51267256,-2.94,0.94,-9.10
51270872,-2.86,0.51,-9.18
51274492,-2.94,0.20,-9.30
51278092,-3.18,0.00,-9.49
51281692,-2.90,-0.47,-9.53
51285320,-2.86,-0.75,-9.61
51288952,-2.82,-0.82,-9.57
51292588,-2.79,-0.86,-9.65
51296224,-2.98,-0.59,-10.20
51299916,-3.02,-0.51,-9.96
51303560,-2.90,-0.16,-10.24
51307260,-2.94,-0.12,-10.20
51310956,-2.90,0.24,-10.71
51314632,-2.82,0.27,-10.32
51318312,-2.86,0.31,-9.81
51321928,-2.90,0.43,-10.00
51325588,-2.90,0.35,-10.04
51329264,-2.82,0.51,-10.20
51332924,-2.90,0.59,-9.96
51336532,-2.86,0.51,-9.73
51340156,-2.86,0.43,-9.45
51343784,-2.86,0.75,-9.92
51347416,-2.75,0.78,-9.85
51351032,-2.75,1.02,-9.85
51354660,-2.86,0.86,-9.49
51358284,-2.94,0.67,-9.49
51361896,-3.02,0.90,-9.96
51365500,-2.94,0.71,-9.89
51369124,-2.90,0.27,-9.89
51372744,-2.79,0.16,-9.53
51376376,-2.75,0.24,-10.32
51380060,-2.82,0.08,-9.65
51383668,-2.86,0.00,-9.73
51387284,-2.94,-0.20,-9.65
51390908,-2.94,-0.31,-9.73
51394544,-3.10,-0.27,-10.28
51398240,-2.79,-0.39,-9.77
51401892,-2.75,0.12,-10.87
51405568,-2.75,0.08,-9.65
51409192,-2.79,0.24,-9.81
51412820,-2.71,0.39,-10.24
51416496,-2.63,0.78,-9.81
51420120,-2.75,0.94,-9.61
51423740,-2.71,0.94,-9.57
51427364,-2.75,1.18,-9.38
51430996,-2.63,1.26,-9.53
51434632,-2.63,1.29,-9.49
51438248,-2.59,1.29,-9.89
51441880,-2.86,1.29,-9.34
51445500,-2.71,1.06,-9.45
51449124,-2.75,0.90,-9.34
51452736,-2.67,0.59,-9.92
51456360,-2.67,0.51,-9.41
51459984,-2.79,0.31,-9.53
51463620,-2.75,0.20,-9.38
51467244,-2.59,0.04,-9.61
51470860,-2.71,-0.08,-9.57
51474496,-2.71,-0.16,-9.96
51478132,-2.63,-0.43,-9.41
51481788,-2.63,-0.39,-9.61
51485436,-2.75,-0.24,-9.30
51489076,-2.75,-0.75,-9.30
51492716,-2.75,-0.35,-9.38
51496356,-2.90,-0.27,-9.45
51499984,-2.67,0.39,-9.53
51503616,-2.67,0.35,-9.30
51507240,-2.67,0.47,-9.49
51510860,-2.67,0.71,-9.22
51514484,-2.79,0.63,-9.77
51518100,-2.79,0.55,-9.14
51521728,-2.94,0.47,-9.38
51525348,-2.75,0.39,-9.53
51528968,-2.86,0.39,-9.69
51532588,-2.86,0.35,-9.61
51536212,-2.90,0.08,-9.41
51539824,-3.02,-0.47,-9.53
51543456,-2.90,-0.16,-9.53
51547092,-3.02,-0.90,-8.87
51550716,-3.02,-0.43,-9.02
51554348,-2.90,-0.43,-9.65
51557984,-2.75,0.16,-9.57
51561624,-2.79,0.08,-9.57
51565232,-2.63,0.08,-9.06
51568840,-2.55,0.47,-9.57
51572452,-2.47,0.51,-9.14
51576068,-2.55,0.98,-10.00
51579744,-2.75,0.31,-9.45
51583368,-2.79,0.24,-9.26
51587000,-2.94,0.16,-9.45
51590636,-2.71,-0.12,-10.08
51594320,-2.98,-0.27,-10.00
51597992,-2.94,-0.55,-9.38
51601628,-3.06,-0.59,-9.96
51605272,-2.86,-0.75,-10.40
51608964,-2.86,-0.67,-10.00
51612640,-2.67,-0.55,-9.77
51616284,-1.37,-1.96,-11.38
51619992,-6.63,0.47,-16.83
51623676,-4.04,-0.78,-11.49
51627376,-3.84,0.47,-9.45
51630992,-3.22,-0.35,-10.43
51634688,-2.94,0.12,-9.53
51638316,-2.86,0.20,-9.41
51641924,-2.79,0.39,-10.12
51645616,-2.82,0.39,-10.08
51649296,-2.75,0.39,-9.89
51652904,-2.79,0.63,-9.85
51656524,-2.79,0.51,-9.53
51660156,-2.63,0.78,-9.49
51663784,-2.71,0.47,-9.26
51667412,-2.75,0.55,-8.51
51671044,-2.63,0.31,-8.75
51674656,-2.63,0.67,-8.55
51678280,-2.79,1.29,-8.59
51681900,-2.86,1.37,-9.14
51685532,-2.82,1.53,-9.34
51689156,-2.98,1.10,-9.34
51692780,-2.98,0.94,-8.98
51696400,-3.14,0.71,-9.57
51700024,-3.18,0.27,-9.57
51703644,-3.26,-0.12,-9.45
51707292,-3.41,-0.55,-9.02
51710916,-3.33,-0.31,-9.65
51714556,-3.30,-0.24,-9.45
51718200,-3.18,-0.08,-10.00
51721860,-3.06,0.00,-9.77
51725472,-2.86,0.20,-9.73
51729080,-3.06,0.75,-9.69
51732692,-2.90,1.06,-10.00
51736348,-2.86,1.06,-9.45
51739964,-3.30,1.02,-9.89
51743592,-2.98,1.37,-9.22
51747212,-3.06,1.10,-9.65
51750844,-3.14,0.71,-9.38
51754484,-3.02,0.51,-9.10
51758100,-2.79,0.39,-9.34
51761716,-2.82,0.67,-9.41
51765336,-3.06,0.35,-9.57
51768944,-3.22,0.35,-9.45
51772580,-3.26,0.16,-9.41
51776204,-3.06,0.35,-9.22
51779828,-2.82,0.55,-9.49
51783456,-2.75,0.75,-10.20
51787128,-2.94,0.82,-9.96
51790764,-3.18,0.51,-10.24
51794452,-3.22,0.24,-10.04
51798108,-3.33,0.00,-9.81
51801716,-3.18,-0.31,-9.77
51805372,-3.22,-0.47,-10.12
51809072,-3.14,-0.86,-9.30
51812712,-2.98,-1.18,-9.65
51816360,-3.06,-1.14,-9.53
51820008,-2.98,-0.78,-9.49
51823640,-3.22,-1.29,-9.69
51827288,-2.90,-0.94,-9.81
51830916,-2.71,-0.98,-9.65
51834552,-2.55,-0.75,-9.34
51838196,-2.59,-0.63,-9.89
51841844,-2.82,-0.27,-9.89
51845492,-2.63,0.43,-9.77
51849112,-2.67,0.90,-9.53
51852736,-2.71,1.69,-9.26
51856372,-2.71,12.32,-20.08
51860116,20.04,13.30,-20.08
51863888,20.04,-2.63,-20.08
51867624,-20.08,-20.08,-20.08
51871432,-14.44,-9.22,3.69
51875116,-5.92,-3.02,-12.36
51878840,-20.08,20.04,-20.08
51882612,3.37,2.16,-4.24
51886248,18.67,-10.04,-7.22
51889984,-2.59,-3.18,-9.81
51893628,0.78,6.24,-4.82
51897228,-4.08,3.88,-8.32
51900860,-7.18,0.82,-9.89
51904480,-9.18,-1.02,-11.26
51908192,-6.94,-1.26,-11.30
51911892,-4.08,-0.08,-11.85
51915588,-2.55,0.82,-12.40
51919268,-3.69,0.82,-8.55
51922884,-6.20,0.24,-9.49
51926496,-8.00,0.00,-10.55
51930172,-6.67,-0.12,-10.83
51933868,-3.33,-0.82,-10.59
51937560,-3.22,-1.73,-11.77
51941272,-1.65,-2.16,-11.14
51944980,-0.04,-1.49,-10.51
51948668,-1.06,-0.90,-10.90
51952352,-3.30,0.08,-10.36
51956028,-2.94,0.20,-10.83
51959708,-2.24,-0.35,-10.12
51963416,-3.96,-0.27,-10.20
51967108,-2.98,-0.59,-9.77
51970752,-2.39,-0.94,-9.49
51974392,-2.79,-1.18,-10.12
51978100,-2.82,-1.10,-10.28
51981816,-3.02,-2.00,-10.59
51985504,-4.55,-0.16,-10.79
51989196,-4.12,-2.31,-10.83
51992892,-3.37,-1.18,-9.41
51996536,-1.33,0.86,-5.57
52000160,-3.88,1.45,-8.04
52003772,-3.33,-0.98,-9.41
52007420,-3.61,-2.00,-9.49
52011056,-3.33,-1.45,-9.38
52014700,-2.71,-0.78,-9.26
52018348,-1.53,0.55,-9.30
52021964,-2.31,1.37,-9.57
52025596,-2.20,1.33,-9.10
52029212,-2.47,1.57,-9.30
52032840,-2.67,1.96,-9.41
52036460,-2.59,2.51,-9.81
52040084,-2.55,2.90,-9.69
52043700,-2.63,3.26,-9.38
52047336,-2.98,3.14,-9.02
52050956,-3.33,2.94,-9.77
52054588,-2.98,1.73,-9.89
52058212,-3.10,1.61,-9.77
52061836,-3.18,0.98,-8.55
52065472,-10.40,-3.45,-15.38
52069240,0.67,0.24,-7.96
52072840,-3.49,0.67,-8.90
52076468,-2.43,-0.31,-8.00
52080100,-3.88,-1.06,-8.55
52083744,-4.16,-1.18,-8.04
52087400,-3.96,-1.45,-9.22
52091048,-3.49,-1.26,-9.65
52094684,-3.37,-0.98,-10.08
52098392,-3.10,-0.31,-10.16
52102088,-3.14,0.35,-9.57
52105716,-3.10,0.67,-9.73
52109348,-3.10,0.31,-10.04
52113024,-3.10,0.94,-10.36
52116700,-3.14,1.26,-10.75
52120396,-3.06,1.22,-10.40
52124072,-3.18,1.33,-10.12
52127764,-3.10,1.22,-9.96
52131396,-3.02,1.33,-10.16
52135088,-3.02,1.37,-10.12
52138760,-3.10,1.41,-10.00
52142440,-3.18,1.69,-9.26
52146060,-3.14,1.61,-9.49
52149688,-3.18,1.49,-9.18
52153312,-3.14,1.10,-9.18
52156928,-3.22,0.75,-9.06
52160552,-3.22,0.71,-8.90
52164180,-3.06,0.59,-8.94
52167796,-3.22,0.82,-9.10
52171416,-3.26,0.78,-9.06
52175028,-3.14,0.55,-9.45
52178656,-3.14,0.20,-9.61
52182280,-3.10,-0.12,-9.49
52185904,-3.02,-0.24,-9.45
52189540,-3.06,-0.59,-9.53
52193176,-3.18,-0.75,-9.73
52196832,-3.14,-0.71,-9.77
52200476,-3.02,-0.71,-9.81
52204116,-2.98,-0.39,-9.22
52207768,-2.94,-0.08,-9.57
52211404,-3.02,0.20,-9.69
52215016,-2.90,0.43,-9.73
52218632,-2.86,0.90,-9.89
52222252,-2.98,1.06,-9.85
52225860,-2.86,1.37,-9.49
52229488,-3.02,1.29,-9.85
52233108,-3.02,1.18,-9.18
52236736,-3.02,1.06,-9.10
52240344,-3.14,1.53,-9.49
52243964,-3.14,1.26,-9.22
52247596,-3.14,1.65,-9.81
52251236,-3.14,1.37,-9.30
52254860,-3.18,1.73,-9.53
52258484,-3.10,1.41,-9.45
52262100,-3.18,1.49,-9.22
52265732,-3.14,1.26,-9.73
52269368,-3.14,0.71,-9.57
52272996,-3.14,0.94,-9.49
52276616,-3.18,0.78,-9.61
52280256,-3.22,0.08,-9.41
52283876,-3.22,0.12,-9.73
52287504,-3.30,-0.12,-9.65
52291152,-3.10,-0.20,-10.00
52294840,-3.41,-0.31,-9.77
52298488,-3.10,-0.24,-10.36
52302192,-3.10,0.04,-10.40
52305844,-3.14,0.00,-10.16
52309520,-3.14,0.16,-9.73
52313156,-3.14,0.51,-10.20
52316840,-3.10,0.78,-10.55
52320508,-2.98,1.10,-9.89
52324136,-3.14,1.33,-10.20
52327824,-2.98,1.37,-9.77
52331448,-2.98,1.49,-10.28
52335132,-3.02,1.26,-9.85
52338756,-3.14,1.53,-10.20
52342428,-3.14,1.37,-9.65
52346052,-3.18,1.80,-9.81
52349668,-3.22,1.37,-9.26
52353296,-3.14,1.49,-9.30
52356908,-3.18,1.06,-8.90
52360524,-3.18,0.94,-8.75
52364156,-3.22,0.90,-9.34
52367776,-3.26,0.67,-8.71
52371408,-3.14,0.67,-8.75
52375036,-3.02,0.31,-9.14
52378668,-2.94,0.08,-8.71
52382280,-2.94,-0.08,-9.41
52385904,-2.90,-0.20,-9.38
52389528,-2.86,-0.20,-9.49
52393160,-2.86,-0.27,-9.45
52396800,-2.86,0.04,-9.45
52400408,-2.82,0.00,-9.89
52404016,-2.90,0.08,-10.20
52407680,-2.82,0.08,-10.20
52411364,-2.82,0.16,-10.24
52415036,-2.90,0.00,-9.81
52418640,-2.82,0.55,-10.40
52422308,-2.90,0.71,-9.85
52425916,-2.79,0.63,-10.24
52429596,-2.86,0.59,-9.89
52433220,-2.98,0.78,-9.96
52436840,-3.02,0.63,-10.28
52440512,-2.79,0.51,-9.73
52444144,-3.10,0.75,-9.45
52447756,-3.10,0.98,-9.96
52451384,-3.14,0.75,-9.30
52455004,-3.02,0.63,-9.81
52458628,-3.10,0.27,-9.26
52462248,-2.90,0.35,-10.00
52465900,-2.94,0.35,-9.18
52469520,-2.94,0.12,-9.14
52473152,-2.94,0.08,-9.30
52476760,-2.86,-0.08,-9.77
52480396,-2.79,-0.24,-9.73
52484028,-2.86,-0.27,-9.38
52487676,-2.79,-0.04,-9.73
52491308,-2.71,-0.04,-9.81
52494932,-2.79,0.08,-9.49
52498548,-2.67,0.24,-9.53
52502164,-2.59,0.24,-9.81
52505792,-2.67,0.20,-9.61
52509412,-2.75,0.59,-9.49
52513032,-2.75,0.55,-9.45
52516648,-2.67,0.59,-9.45
52520264,-2.67,0.63,-9.61
52523876,-2.71,0.82,-9.53
52527492,-2.75,0.82,-9.34
52531128,-2.79,0.75,-9.81
52534760,-2.75,0.86,-9.26
52538392,-2.75,0.82,-9.14
52542016,-2.71,0.82,-9.18
52545632,-2.67,0.63,-9.18
52549256,-2.67,0.59,-9.02
52552868,-2.67,0.55,-8.63
52556492,-2.79,0.35,-8.83
52560116,-2.82,0.31,-8.87
52563740,-2.71,0.08,-9.34
52567368,-2.75,0.12,-9.26
52570988,-2.79,0.08,-9.49
52574592,-2.79,0.00,-9.18
52578208,-2.79,0.20,-9.61
52581824,-2.82,-0.08,-9.49
52585448,-2.86,0.12,-9.81
52589068,-2.86,0.24,-9.61
52592696,-2.90,0.20,-9.77
52596304,-2.90,0.39,-10.16
52599992,-2.79,0.31,-10.04
52603668,-2.90,0.67,-9.81
52607280,-2.94,0.63,-9.73
52610888,-3.02,0.82,-9.96
52614508,-2.94,0.75,-9.92
52618140,-2.94,0.67,-9.96
52621752,-3.10,0.55,-9.22
52625380,-3.06,0.59,-9.57
52628996,-3.10,0.39,-9.53
52632616,-3.14,0.63,-9.53
52636248,-2.98,0.39,-9.30
52639848,-2.94,0.27,-9.92
52643460,-2.98,0.04,-9.34
52647080,-2.86,-0.31,-9.73
52650728,-3.06,-0.04,-9.81
52654360,-2.90,-0.35,-9.73
52657988,-2.94,-0.27,-9.92
52661620,-3.02,-0.43,-9.57
52665260,-3.02,-0.08,-10.00
52668932,-2.94,-0.43,-9.45
52672572,-2.94,-0.24,-9.18
52676216,-2.94,-0.04,-9.53
52679840,-2.90,-0.27,-9.69
52683452,-2.79,0.00,-9.38
52687056,-2.90,0.04,-9.26
52690668,-2.82,0.43,-9.45
52694288,-2.94,0.16,-9.22
52697900,-2.75,0.47,-9.18
52701516,-2.94,0.55,-9.53
52705144,-2.82,0.86,-9.38
52708772,-2.71,1.22,-9.77
52712404,-2.86,0.98,-9.61
52716020,-3.14,1.10,-9.45
52719644,-2.94,1.06,-9.30
52723252,-3.73,0.98,-9.18
52726860,-3.02,0.59,-9.65
52730476,-2.86,0.71,-9.92
52734104,-2.98,0.55,-9.41
52737724,-2.63,0.43,-9.53
52741348,-2.90,0.00,-9.45
52744928,-2.90,0.00,-9.81
52748524,-2.82,-0.08,-9.77
52752152,-2.94,-0.35,-9.73
52755796,-3.02,-0.39,-9.38
52759424,-2.98,-0.59,-9.45
52763056,-2.90,-0.35,-9.61
52766688,-3.06,-0.51,-9.92
52770320,-2.79,-0.31,-9.53
52773960,-2.71,0.04,-9.57
52777568,-2.86,0.00,-9.65
52781168,-3.02,0.31,-9.34
52784784,-2.94,0.59,-9.53
52788408,-2.86,0.59,-9.22
52792028,-2.94,0.90,-9.77
52795636,-2.82,0.86,-9.34
52799256,-2.75,1.02,-9.18
52802868,-2.75,0.98,-9.02
52806472,-2.75,0.59,-9.02
52810096,-2.63,0.55,-9.06
52813732,-2.71,0.39,-9.57
52817364,-2.75,0.31,-8.71
52820996,-2.71,0.12,-9.38
52824612,-2.82,0.16,-9.41
52828232,-2.67,0.00,-8.94
52831824,-2.67,0.00,-9.30
52835424,-2.67,0.04,-9.02
52839032,-2.63,0.08,-8.98
52842660,-2.59,0.16,-8.71
52846280,-2.63,0.16,-8.67
52849892,-2.67,0.24,-8.79
52853508,-2.51,0.27,-8.83
52857140,-2.59,0.24,-8.75
52860768,-2.59,0.35,-8.55
52864396,-2.67,0.24,-8.63
52868020,-2.71,0.27,-9.02
52871636,-2.71,0.27,-9.14
52875256,-2.79,0.20,-9.18
52878864,-2.86,0.51,-9.22
52882488,-2.94,0.51,-9.41
52886116,-3.14,0.63,-9.53
52889744,-3.14,0.59,-9.65
52893360,-3.33,0.55,-9.81
52896984,-3.37,0.24,-9.69
52900604,-3.45,0.24,-9.85
52904236,-3.61,0.16,-10.28
52907908,-3.49,0.00,-10.04
52911564,-3.73,0.04,-10.90
52915244,-3.57,-0.16,-10.47
52918928,-3.65,-0.55,-10.32
52922628,-3.80,-0.67,-10.79
52926324,-3.88,-0.35,-10.90
52930016,-3.84,-0.43,-11.10
52933720,-3.80,-0.20,-11.26
52937404,-3.77,-0.82,-10.67
52941100,-3.57,-0.78,-11.06
52944800,-3.53,-0.90,-10.87
52948496,-3.61,-0.71,-10.71
52952212,-3.61,-0.55,-10.43
52955912,-3.57,-0.47,-10.67
52959608,-3.61,-0.20,-10.28
52963288,-3.41,0.00,-10.43
52966952,-3.33,0.39,-9.77
52970568,-3.26,0.67,-10.00
52974240,-3.37,0.90,-9.85
52977844,-3.18,1.10,-9.77
52981464,-3.14,1.26,-9.73
52985088,-3.22,1.88,-9.53
52988712,-3.18,1.96,-9.38
52992352,-3.22,1.84,-9.22
52995976,-3.14,1.77,-9.06
52999592,-3.10,1.61,-9.26
53003220,-3.14,1.49,-9.30
53006840,-3.02,0.90,-9.22
53010456,-3.10,0.55,-9.02
53014068,-3.30,0.35,-9.02
53017692,-3.33,-0.08,-9.34
53021316,-3.30,-0.04,-9.41
53024948,-3.26,-0.27,-9.53
53028584,-3.10,-0.08,-9.92
53032212,-3.06,-0.27,-9.85
53035836,-3.06,0.04,-10.24
53039508,-3.06,-0.20,-10.08
53043196,-2.98,-0.75,-10.00
53046884,-3.10,-0.75,-10.04
53050572,-2.98,-0.67,-9.96
53054220,-3.06,-0.90,-10.32
53057908,-3.22,-1.02,-10.08
53061600,-3.18,-0.47,-9.77
53065240,-2.82,-0.27,-10.04
53068940,-3.06,-0.04,-9.41
53072556,-2.94,0.12,-9.77
53076172,-3.14,0.51,-9.53
53079812,-3.06,0.51,-9.41
53083428,-3.02,0.82,-9.85
53087040,-3.18,1.02,-9.73
53090672,-3.02,0.90,-9.38
53094280,-2.98,0.82,-9.57
53097892,-3.06,0.78,-9.26
53101500,-2.90,0.55,-9.38
53105128,-2.98,0.51,-8.90
53108752,-2.98,0.24,-8.90
53112372,-2.79,-0.39,-8.59
53116008,-2.90,0.43,-8.79
53119612,-1.02,-1.73,-4.75
53123256,-8.28,-8.16,-0.16
53126888,-3.57,-0.39,-7.14
53130532,-3.22,-0.75,-8.20
53134164,-2.43,-1.02,-8.67
53137808,-2.43,-0.04,-8.63
53141436,-2.90,-0.20,-8.59
53145072,-3.06,-0.35,-9.57
53148712,-3.22,-0.78,-9.81
53152360,-3.06,-1.14,-9.53
53156004,-3.02,-0.67,-9.53
53159648,-2.90,-0.75,-9.57
53163276,-2.94,-0.31,-9.69
53166908,-2.98,-0.55,-9.65
53170556,-3.41,-0.86,-9.65
53174204,-3.49,-1.02,-9.41
53177844,-3.33,-0.39,-9.53
53181484,-3.22,-0.51,-8.79
53185136,-2.90,-0.16,-8.90
53188780,-3.14,-0.12,-8.83
53192424,-3.10,0.04,-8.63
53196036,-3.10,0.35,-9.06
53199644,-3.02,0.51,-9.30
53203256,-3.10,0.63,-8.63
53206864,-3.18,0.71,-9.41
53210484,-3.10,0.55,-9.22
53214124,-3.30,0.12,-8.67
53217748,-3.37,0.12,-8.71
53221388,-3.45,-0.04,-9.02
53225004,-3.49,-0.16,-9.38
53228644,-3.53,-0.47,-9.02
53232268,-3.49,-0.67,-9.18
53235904,-3.53,-1.14,-8.87
53239548,-3.49,-0.90,-9.34
53243184,-3.37,-1.26,-9.22
53246816,-3.61,-1.41,-9.26
53250460,-3.69,-1.37,-9.65
53254104,-3.30,-1.37,-9.41
53257752,-3.49,-1.41,-9.53
53261392,-3.37,-0.82,-9.14
53265020,-3.41,-1.02,-8.79
53268652,-3.33,0.00,-9.45
53272256,-3.33,0.24,-9.41
53275868,-3.06,0.86,-8.83
53279476,-2.90,1.22,-8.67
53283108,-3.37,0.75,-9.06
53286720,-3.02,1.41,-9.30
53290352,-3.10,1.57,-9.26
53293972,-2.94,1.41,-9.22
53297596,-3.02,1.49,-8.90
53301208,-3.22,0.98,-8.71
53304820,-3.26,0.82,-8.98
53308440,-3.18,1.02,-9.18
53312056,-2.90,1.22,-9.10
53315680,-2.90,1.49,-9.22
53319288,-2.94,2.35,-16.28
53322976,20.04,8.47,-20.08
53326700,20.04,1.45,-20.08
53330428,-20.08,6.67,20.04
53334156,14.28,-20.08,-15.06
53337940,-20.08,0.00,-17.34
53341664,0.35,-13.61,6.51
53345340,20.04,16.75,-4.00
53349044,-10.59,3.26,-20.08
53352784,-2.04,-3.65,-15.18
53356480,17.42,-1.02,-12.12
53360228,-1.96,1.73,-10.20
53363908,-0.43,0.55,-10.16
53367588,-5.02,-0.20,-11.53
53371272,-8.16,0.31,-11.57
53374956,-3.92,0.59,-11.57
53378644,-4.31,-1.57,-12.36
53382360,-5.22,-0.63,-12.67
53386064,-1.57,-0.04,-11.41
53389756,-1.26,1.61,-11.14
53393452,-2.79,2.47,-10.55
53397128,-2.75,3.88,-10.51
53400804,-2.51,3.37,-9.53
53404424,-3.30,2.79,-9.65
53408044,-3.77,2.82,-9.96
53411676,-3.26,2.55,-9.89
53415308,-2.43,2.63,-9.57
53418932,-2.39,2.39,-9.14
53422564,-2.28,2.35,-9.10
53426200,-2.55,2.20,-8.43
53429804,-2.31,1.69,-7.61
53433424,-2.51,1.14,-7.18
53437048,-2.82,0.67,-6.90
53440684,-3.22,0.75,-7.53
53444320,-2.98,0.47,-7.65
53447932,-3.69,0.51,-8.04
53451544,-3.92,0.82,-7.49
53455160,-4.63,-0.27,-9.30
53458796,-4.12,-1.33,-9.89
53462448,-3.30,-0.78,-10.20
53466136,-1.77,-2.67,-9.34
53469804,-3.10,-1.14,-9.22
53473452,-3.69,-1.33,-10.51
53477148,-3.88,-3.22,-10.98
53480844,-4.00,-3.80,-11.06
53484532,-3.77,-3.30,-11.81
53488244,-3.33,-2.16,-11.45
53491948,-2.94,-1.69,-11.53
53495644,-2.75,-0.55,-11.10
53499352,-2.59,-0.51,-11.96
53503048,-3.30,-0.47,-11.77
53506744,-3.69,-0.16,-11.10
53510436,-3.69,-0.12,-10.87
53514128,-3.73,0.20,-10.00
53517804,-3.69,0.51,-10.20
53521480,-3.45,0.31,-9.30
53525104,-3.69,0.24,-8.87
53528736,-4.39,0.24,-8.75
53532368,-3.65,0.31,-8.51
53535988,-3.45,1.02,-8.51
53539608,-2.59,-4.20,-20.08
53543304,-10.24,2.67,-14.95
53547048,-9.14,-1.14,-9.53
53550696,-6.28,-0.35,-8.71
53554352,-5.49,-0.67,-7.41
53557988,-5.02,-1.06,-7.10
53561616,-4.39,-0.31,-6.90
53565248,-3.45,0.35,-7.57
53568868,-2.90,0.43,-7.96
53572464,-2.75,0.00,-8.47
53576072,-2.90,-0.35,-8.94
53579704,-3.14,-0.35,-9.18
53583344,-3.30,0.00,-9.53
53586960,-3.26,0.20,-9.41
53590568,-3.26,-0.12,-9.22
53594216,-3.30,0.27,-9.45
53597824,-3.30,0.43,-9.85
53601460,-3.26,0.35,-10.40
53605132,-3.33,0.51,-9.81
53608764,-3.53,0.82,-9.57
53612384,-3.53,0.24,-9.45
53616008,-3.61,0.24,-10.00
53619688,-3.57,0.08,-9.41
53623312,-3.92,0.31,-9.30
53626936,-3.84,-0.12,-9.41
53630572,-3.88,-0.27,-9.41
53634212,-4.12,-0.78,-9.53
53637844,-4.16,-0.43,-10.00
53641528,-4.12,-0.27,-9.96
53645168,-3.96,-0.98,-9.18
53648800,-4.12,-0.78,-9.69
53652432,-4.08,-1.14,-9.49
53656064,-4.20,-1.22,-9.41
53659704,-3.96,-0.98,-9.81
53663344,-3.84,-0.98,-9.45
53666988,-3.88,-0.78,-9.30
53670616,-3.65,-0.27,-9.77
53674252,-3.65,0.20,-9.92
53677856,-3.65,0.31,-9.65
53681484,-3.69,0.78,-10.28
53685172,-3.53,1.02,-9.69
53688788,-3.69,1.06,-9.49
53692404,-3.57,1.10,-9.96
53696020,-3.65,0.98,-9.02
53699636,-3.57,1.06,-9.61
53703260,-3.80,0.78,-9.45
53706884,-3.80,0.71,-9.53
53710496,-3.73,0.55,-9.49
53714120,-3.84,0.43,-9.02
53717740,-3.73,0.31,-9.45
53721372,-3.77,0.24,-9.77
53724996,-3.84,0.24,-9.53
53728628,-3.88,0.24,-9.73
53732260,-3.84,0.20,-9.92
53735872,-3.84,0.16,-9.96
53739480,-3.92,0.00,-9.61
53743108,-3.77,0.04,-9.69
53746732,-3.73,-0.08,-10.08
53750400,-3.69,-0.27,-9.92
53754040,-3.80,-0.27,-9.45
53757684,-3.49,-0.43,-10.28
53761384,-3.49,-0.43,-9.89
53765028,-3.45,-0.71,-9.77
53768680,-3.37,-0.35,-9.89
53772328,-3.37,-0.55,-9.92
53775960,-3.30,0.00,-10.28
53779632,-3.30,0.47,-9.57
53783244,-3.26,0.51,-9.81
53786856,-3.22,1.37,-9.41
53790476,-3.18,1.18,-9.65
53794100,-3.18,1.69,-9.57
53797732,-3.10,1.96,-8.98
53801352,-3.18,2.08,-9.06
53804976,-3.18,2.08,-9.26
53808596,-3.14,1.88,-9.10
53812212,-3.14,1.49,-8.90
53815820,-3.10,1.53,-8.39
53819444,-3.14,1.22,-8.63
53823080,-3.10,1.18,-8.67
53826712,-3.18,1.18,-8.43
53830340,-3.14,1.10,-9.14
53833976,-3.02,0.90,-9.22
53837584,-3.18,0.82,-9.41
53841204,-3.10,0.27,-8.94
53844804,-3.26,0.63,-9.34
53848436,-3.22,0.55,-9.61
53852064,-3.22,0.00,-9.41
53855676,-3.14,0.20,-9.85
53859308,-3.26,0.24,-10.12
53862996,-3.02,0.12,-9.92
53866596,-3.06,0.00,-10.04
53870244,-3.18,0.16,-10.08
53873916,-3.30,0.08,-10.00
53877580,-3.14,0.16,-10.20
53881264,-3.22,0.47,-10.43
53884948,-3.30,0.39,-9.89
53888564,-3.10,0.67,-9.92
53892184,-3.33,0.71,-9.41
53895800,-3.22,0.86,-9.89
53899428,-3.45,0.71,-9.85
53903052,-3.37,0.71,-9.49
53906676,-3.45,0.94,-9.61
53910304,-3.45,0.86,-9.53
53913920,-3.57,0.86,-9.89
53917544,-3.57,0.71,-9.53
53921180,-3.61,0.43,-9.49
53924788,-3.77,0.27,-9.53
53928420,-3.73,0.12,-9.61
53932028,-3.80,0.00,-9.49
53935624,-3.73,-0.31,-9.85
53939264,-3.65,-0.35,-9.61
53942900,-3.80,-0.43,-10.00
53946576,-3.61,-0.78,-9.49
53950212,-3.57,-0.94,-9.92
53953840,-3.53,-0.94,-9.57
53957472,-3.45,-0.98,-9.69
53961104,-3.49,-0.90,-9.85
53964744,-3.41,-0.78,-10.08
53968428,-3.33,-0.59,-9.81
53972076,-3.22,-0.63,-9.69
53975712,-3.22,-0.35,-10.08
53979388,-3.26,0.00,-9.69
53982996,-3.22,0.24,-9.45
53986624,-3.10,0.12,-9.49
53990240,-3.10,0.35,-9.49
53993844,-3.06,1.02,-9.22
53997464,-2.98,0.75,-9.34
54001096,-2.98,0.94,-8.90
54004708,-3.02,1.02,-9.41
54008328,-2.94,1.53,-9.22
54011956,-2.98,0.98,-9.10
54015560,-2.90,1.14,-8.75
54019192,-2.98,1.06,-9.10
54022788,-3.02,1.10,-9.06
54026404,-3.06,0.67,-8.98
54030016,-3.06,0.78,-9.26
54033640,-3.02,0.43,-9.41
54037252,-3.14,0.51,-9.65
54040876,-3.18,0.31,-9.41
54044512,-3.26,0.08,-9.65
54048132,-3.22,0.08,-9.41
54051764,-3.10,0.16,-9.85
54055368,-3.26,0.00,-9.73
54058976,-3.18,-0.20,-9.77
54062600,-3.33,0.00,-9.92
54066212,-3.22,-0.04,-10.00
54069888,-3.22,0.20,-10.24
54073564,-3.22,0.16,-10.20
54077244,-3.22,-0.20,-9.85
54080884,-3.30,-0.20,-9.65
54084528,-3.18,0.16,-10.28
54088208,-3.26,0.04,-9.96
54091816,-3.18,0.04,-9.57
54095424,-3.45,0.24,-9.73
54099044,-3.06,0.27,-9.38
54102664,-3.33,0.35,-9.26
54106304,-3.14,0.43,-9.57
54109924,-3.49,0.47,-9.06
54113536,-3.37,0.71,-9.06
54117160,-3.06,0.90,-9.61
54120768,-3.14,1.10,-9.41
54124392,-3.14,0.78,-9.06
54128008,-3.26,0.78,-9.34
54131636,-3.26,0.51,-8.87
54135272,-2.94,0.31,-9.06
54138896,-3.18,0.31,-9.18
54142508,-3.26,0.27,-9.26
54146144,-2.94,0.31,-9.77
54149760,-3.06,-0.04,-8.98
54153392,-3.10,-0.16,-9.18
54157016,-3.14,0.00,-9.45
54160620,-2.90,-0.04,-9.10
54164236,-2.90,-0.08,-9.96
54167856,-2.94,-0.12,-9.49
54171496,-2.98,-0.04,-9.89
54175108,-2.86,0.00,-9.96
54178720,-2.98,0.08,-9.49
54182340,-3.02,0.16,-9.89
54185956,-2.94,0.27,-9.53
54189580,-2.86,0.47,-9.85
54193200,-2.98,0.51,-9.89
54196812,-2.94,0.67,-9.45
54200436,-2.90,0.55,-9.45
54204036,-2.90,0.67,-9.49
54207668,-2.86,0.67,-9.61
54211296,-3.06,0.71,-9.49
54214908,-2.94,0.59,-9.45
54218532,-2.98,0.59,-9.06
54222144,-2.98,0.51,-9.41
54225764,-3.14,0.55,-9.45
54229388,-3.06,0.39,-9.22
54233008,-3.02,0.27,-9.38
54236636,-3.02,0.31,-9.41
54240264,-3.14,0.12,-9.53
54243880,-3.10,0.04,-9.45
54247496,-3.14,0.08,-9.45
54251108,-3.22,0.08,-9.38
54254744,-3.22,0.12,-9.41
54258360,-3.06,0.04,-9.73
54261968,-3.22,0.16,-9.45
54265588,-3.22,0.31,-9.34
54269212,-3.30,0.24,-9.65
54272832,-3.22,0.35,-9.69
54276464,-3.18,0.35,-9.53
54280088,-3.10,0.43,-9.53
54283712,-3.18,0.39,-9.53
54287340,-3.22,0.51,-9.85
54290960,-3.10,0.55,-9.53
54294576,-3.18,0.59,-9.34
54298200,-3.06,0.63,-9.49
54301804,-3.18,0.75,-9.65
54305428,-3.14,0.75,-9.02
54309056,-3.14,0.67,-9.02
54312672,-3.02,0.86,-9.26
54316300,-3.02,0.75,-9.38
54319916,-3.10,0.67,-9.02
54323528,-2.98,0.63,-9.10
54327152,-3.14,0.94,-9.18
54330760,-3.10,1.06,-9.30
54334388,-3.14,0.90,-9.10
54338004,-3.02,0.90,-9.41
54341616,-2.98,0.39,-9.34
54345236,-2.98,0.39,-9.38
54348860,-3.06,0.24,-9.38
54352488,-2.98,0.71,-9.85
54356120,-3.06,0.31,-9.38
54359740,-2.90,0.31,-9.38
54363364,-2.94,0.39,-9.41
54366980,-3.10,0.51,-9.57
54370596,-2.98,0.51,-9.85
54374212,-2.90,0.27,-9.34
54377828,-2.98,0.51,-9.81
54381452,-3.02,0.39,-9.53
54385076,-2.94,0.90,-9.49
54388688,-2.98,0.75,-9.34
54392320,-2.82,0.59,-9.65
54395948,-2.94,0.90,-9.69
54399560,-2.86,0.90,-9.77
54403180,-3.02,0.82,-9.30
54406776,-2.94,0.67,-9.34
54410400,-2.94,1.22,-9.85
54414024,-2.94,0.86,-9.38
54417656,-2.90,0.94,-9.49
54421276,-2.79,0.78,-9.53
54424892,-2.98,0.71,-9.38
