0.16,-9.96
191877320,0.04,0.24,-9.65
191881060,0.16,0.27,-10.47
191884796,0.04,-0.12,-10.12
191888540,0.00,0.35,-10.20
191892252,0.04,0.31,-10.16
191895964,0.00,0.20,-10.24
191899680,0.35,0.08,-10.28
191903376,0.04,0.00,-9.92
191907016,0.27,0.04,-10.16
191910736,-0.08,0.24,-10.40
191914484,0.04,0.31,-10.08
191918192,0.04,0.24,-9.77
191921852,0.04,0.24,-9.96
191925520,0.12,0.12,-10.40
191929260,0.08,0.27,-10.04
191932968,0.16,0.20,-9.65
191936632,0.24,0.27,-9.65
191940284,0.00,0.39,-10.08
191943984,0.04,0.47,-9.77
191947640,0.12,0.43,-9.85
191951308,0.04,0.63,-10.40
191955024,0.20,0.51,-9.96
191958680,0.20,0.24,-10.00
191962396,-0.08,0.16,-10.36
191966136,0.24,0.47,-9.89
191969808,0.20,0.20,-10.51
191973532,0.08,0.31,-9.81
191977192,0.04,0.20,-9.96
191980856,0.20,0.08,-10.16
191984572,0.16,0.08,-10.32
191988300,0.08,0.12,-10.28
191992020,0.04,0.12,-10.00
191995712,0.00,0.16,-9.89
191999368,0.04,-0.12,-9.96
192003056,0.04,0.04,-10.04
192006760,0.04,0.43,-10.24
192010484,0.04,0.27,-9.92
192014124,0.00,0.35,-10.28
192017844,0.08,0.16,-10.20
192021552,0.20,0.27,-10.00
192025260,0.04,0.35,-10.32
192028968,0.04,0.27,-9.85
192032620,0.08,0.24,-10.43
192036348,0.08,0.24,-10.28
192040072,0.12,0.27,-10.51
192043792,-0.04,0.24,-9.57
192047476,0.08,0.35,-10.20
192051188,0.12,-0.20,-10.04
192054924,0.16,0.31,-9.73
192058588,0.08,0.39,-10.12
192062304,0.04,0.12,-9.61
192065960,0.08,0.24,-9.81
192069596,0.00,0.12,-9.89
192073256,0.08,0.31,-10.20
192076968,0.04,0.16,-9.92
192080628,0.04,0.27,-10.12
192084340,0.20,0.31,-9.92
192088004,0.20,0.31,-10.32
192091732,0.12,0.31,-10.08
192095440,0.04,0.27,-9.96
192099100,0.16,0.35,-10.36
192102836,0.08,0.16,-9.92
192106480,0.16,0.00,-9.96
192110112,0.00,0.16,-9.92
192113760,0.16,0.27,-10.36
192117488,0.04,0.27,-9.85
192121144,0.04,0.39,-10.00
192124844,0.00,0.27,-10.28
192128548,0.12,0.47,-9.92
192132212,0.12,0.47,-10.20
192135932,0.04,0.39,-9.81
192139584,0.20,0.16,-10.00
192143288,-0.04,0.35,-9.96
192146964,0.24,0.24,-10.16
192150696,0.04,0.24,-10.12
192154420,0.12,0.24,-9.96
192158088,0.12,0.20,-10.16
192161816,0.04,0.04,-9.96
192165444,0.00,0.27,-9.85
192169112,0.04,0.16,-9.96
192172768,0.04,-0.04,-9.89
192176428,0.12,0.04,-9.61
192180096,0.20,0.12,-10.12
192183816,0.08,0.20,-9.89
192187472,0.04,0.08,-9.92
192191116,0.20,0.20,-10.04
192194840,0.04,0.39,-10.08
192198544,0.04,0.31,-10.08
192202248,0.00,0.24,-9.92
192205908,0.12,0.31,-10.04
192209632,0.08,0.31,-10.28
192213356,0.08,0.27,-10.08
192217068,0.04,0.27,-10.04
192220784,0.04,0.24,-10.08
192224500,0.04,-0.04,-9.81
192228164,0.04,0.04,-9.81
192231816,0.08,0.31,-10.36
192235536,0.00,0.12,-10.12
192239248,0.12,0.27,-10.12
192242976,0.16,0.12,-9.65
192246648,0.16,0.16,-10.04
192250348,0.00,0.24,-10.00
192254028,0.00,0.27,-9.92
192257676,0.12,0.04,-10.24
192261392,0.08,0.51,-10.04
192265108,0.04,0.31,-10.24
192268836,0.08,0.31,-10.08
192272548,0.08,0.31,-9.89
192276208,0.08,0.24,-10.40
192279936,0.12,0.35,-10.36
192283668,0.08,0.31,-10.59
192287376,0.04,-0.08,-9.85
192291024,0.00,0.24,-9.69
192294676,0.12,0.35,-10.20
192298408,0.04,0.47,-10.20
192302120,0.04,0.27,-10.04
192305836,0.04,0.20,-10.16
192309540,0.16,0.27,-10.36
192313276,0.08,0.35,-9.77
192316944,0.12,0.16,-10.32
192320676,0.08,0.16,-10.04
192324388,0.04,0.12,-9.81
192328048,0.00,0.27,-10.51
192331756,0.16,0.24,-10.12
192335488,0.04,0.12,-9.69
192339140,0.12,0.16,-9.81
192342812,0.04,0.20,-10.12
192346524,0.08,0.12,-10.08
192350252,0.16,0.43,-10.40
192353964,0.20,0.27,-10.20
192357676,0.16,0.43,-9.45
192361328,0.00,0.20,-9.77
192364964,0.27,0.12,-9.57
192368628,0.31,0.39,-9.61
192372300,0.16,0.08,-9.92
192375964,0.16,0.20,-10.20
192379676,0.16,0.20,-10.00
192383388,0.08,0.16,-9.65
192387048,0.08,0.31,-9.85
192390720,0.04,0.31,-10.32
192394436,0.08,0.31,-10.16
192398156,0.12,0.16,-9.92
192401836,0.04,0.31,-10.36
192405548,0.00,0.24,-10.12
192409260,0.08,0.12,-10.12
192412972,0.08,0.12,-9.96
192416612,0.00,0.27,-10.08
192420312,0.27,0.27,-10.20
192424036,0.04,0.08,-9.77
192427676,0.24,0.31,-9.85
192431344,0.04,0.24,-10.00
192435052,0.08,0.24,-10.24
192438780,0.16,0.31,-10.36
192442524,0.08,0.31,-10.28
192446244,0.04,0.20,-9.92
192449916,0.08,0.31,-9.89
192453568,0.12,0.35,-10.20
192457284,0.00,0.27,-10.28
192460992,0.08,0.16,-9.81
192464652,0.08,0.04,-10.04
192468352,0.08,0.08,-10.32
192472072,-0.04,-0.12,-10.00
192475768,0.00,0.00,-10.00
192479456,0.24,-0.04,-10.12
192483180,0.00,-0.08,-10.04
192486908,0.04,-0.12,-9.73
192490572,0.04,-0.24,-9.57
192494252,0.04,-0.31,-10.40
192497980,0.04,-0.55,-10.20
192501692,0.00,-0.59,-10.16
192505424,0.12,-0.71,-10.24
192509144,0.00,-1.14,-9.81
192512812,0.00,-1.14,-10.12
192516524,0.00,-1.37,-10.08
192520252,-0.04,-1.61,-10.28
192524000,0.04,-1.80,-9.61
192527660,-0.20,-2.24,-9.85
192531360,-0.08,-2.16,-9.92
192535052,-0.16,-2.31,-9.92
192538756,-0.12,-2.47,-10.00
192542512,-0.12,-2.67,-10.12
192546280,-0.27,-2.47,-10.08
192550040,-0.47,-2.90,-9.69
192553720,-0.51,-3.18,-9.69
192557424,-0.51,-2.75,-9.96
192561116,-0.59,-2.47,-10.20
192564864,-0.55,-1.73,-10.12
192568628,-0.04,-2.08,-9.53
192572292,0.00,-1.92,-9.34
192575968,-0.08,-1.88,-9.53
192579652,-0.04,-1.84,-9.49
192583320,0.00,-1.88,-9.77
192586984,0.27,0.04,-10.16
192590700,0.24,1.96,-10.00
192594420,0.35,2.31,-9.96
192598092,0.47,2.24,-11.06
192601824,0.16,2.47,-11.22
192605560,-0.47,0.90,-11.06
192609288,-0.47,0.59,-11.53
192613028,-0.20,0.47,-11.22
192616768,-0.94,-0.16,-11.26
192620524,-0.94,-0.12,-11.30
192624264,-0.55,0.82,-10.98
192628004,-0.39,0.78,-11.45
192631736,-0.12,-0.55,-11.30
192635504,-0.12,-0.24,-10.90
192639256,-0.35,-0.31,-11.06
192643008,-0.47,-0.31,-10.59
192646756,0.71,-1.45,-8.04
192650440,0.90,-0.90,-6.32
192654104,1.06,-0.75,-6.98
192657796,0.78,-0.04,-9.02
192661456,0.00,-0.27,-10.87
192665188,-0.27,-2.00,-10.98
192668932,-0.27,-1.41,-11.34
192672700,-0.67,-0.98,-11.38
192676464,-0.71,-0.27,-10.83
192680232,-0.82,0.55,-11.77
192683976,-0.94,0.94,-10.94
192687716,-0.12,0.71,-10.83
192691460,0.47,2.47,-9.61
192695120,1.02,2.94,-8.00
192698764,0.86,3.49,-8.51
192702424,0.39,2.67,-9.73
192706104,-0.12,1.14,-10.51
192709844,-0.55,0.31,-11.41
192713588,-0.86,0.20,-10.83
192717316,-0.63,1.37,-11.38
192721068,-0.35,2.43,-10.16
192724820,-0.12,2.51,-10.04
192728564,0.35,3.61,-9.57
192732240,0.31,2.86,-9.18
192735904,0.20,2.43,-9.73
192739548,0.00,2.16,-10.04
192743252,-0.20,1.33,-10.43
192746984,0.00,1.49,-10.40
192750696,0.04,1.37,-10.16
192754404,0.27,1.77,-9.53
192758076,0.39,2.31,-9.41
192761740,0.31,2.28,-9.57
192765420,0.16,2.24,-10.12
192769160,0.08,2.00,-10.12
192772864,0.08,2.39,-10.47
192776580,0.08,2.63,-9.89
192780240,0.16,2.94,-9.89
192783912,0.39,3.14,-10.08
192787632,0.43,2.75,-9.92
192791296,0.27,2.31,-9.85
192794964,0.12,1.92,-10.00
192798680,0.20,1.96,-10.28
192802412,0.16,1.88,-10.04
192806128,0.04,1.41,-10.16
192809844,0.04,0.63,-9.85
192813492,0.00,0.04,-10.04
192817188,0.04,0.08,-9.61
192820836,0.04,0.12,-10.20
192824548,0.08,0.04,-10.08
192828240,0.00,-0.20,-10.32
192831948,0.00,-0.51,-10.08
192835656,0.00,-0.24,-10.32
192839380,0.00,-0.04,-10.28
192843092,0.04,0.08,-9.92
192846748,0.04,-0.04,-10.04
192850472,0.43,0.27,-10.12
192854204,0.20,0.47,-10.55
192857920,0.16,0.51,-10.24
192861644,0.12,0.51,-9.89
192865312,0.12,0.63,-9.85
192868976,0.20,0.63,-9.85
192872640,0.16,0.71,-10.04
192876356,0.08,0.43,-9.69
192880020,0.12,0.27,-10.04
192883744,0.12,0.31,-10.12
192887468,0.20,0.24,-9.96
192891124,0.04,0.16,-9.77
192894784,0.08,0.51,-10.40
192898500,0.08,0.12,-9.96
192902156,0.12,0.08,-9.85
192905828,0.12,0.12,-10.47
192909548,-0.12,0.12,-10.55
192913292,0.04,0.24,-10.28
192916992,0.00,0.20,-10.12
192920700,0.04,0.12,-10.08
192924408,0.08,0.20,-10.00
192928108,0.08,0.27,-9.89
192931768,0.04,0.51,-10.12
192935504,0.04,-0.16,-9.96
192939184,0.08,0.39,-10.28
192942908,0.16,0.31,-10.04
192946624,0.08,0.24,-9.92
192950288,0.08,0.43,-10.12
192954000,0.04,0.39,-10.12
192957712,0.39,0.35,-10.00
192961428,0.27,0.39,-10.24
192965148,0.08,0.39,-9.81
192968816,0.24,0.35,-10.16
192972540,0.04,0.31,-9.77
192976204,0.04,0.39,-10.32
192979924,0.08,0.24,-10.28
192983640,0.12,0.20,-9.81
192987308,0.04,0.27,-10.20
192991016,0.08,0.27,-10.04
192994728,0.08,0.24,-10.16
192998444,0.12,0.00,-9.69
193002092,0.04,0.20,-10.32
193005816,0.04,0.12,-10.16
193009532,0.12,-0.04,-10.36
193013272,0.12,0.20,-10.20
193016984,0.00,0.31,-10.16
193020696,0.08,0.24,-9.96
193024364,0.04,0.31,-10.08
193028080,0.08,0.20,-10.51
193031804,0.08,0.08,-10.16
193035512,0.08,0.04,-9.81
193039160,0.12,0.27,-10.43
193042880,0.00,0.31,-10.04
193046576,0.04,0.04,-9.89
193050232,0.20,0.35,-10.36
193053944,0.00,0.31,-10.16
193057640,0.00,0.31,-10.08
193061344,0.04,0.24,-9.92
193065016,-0.08,0.47,-10.40
193068744,0.04,0.31,-10.00
193072456,0.12,0.27,-9.89
193076132,0.08,0.24,-9.77
193079812,0.04,0.31,-10.55
193083536,0.08,0.43,-10.08
193087240,0.12,0.67,-10.51
193090964,0.12,0.47,-9.89
193094624,0.08,0.51,-10.28
193098352,0.08,0.27,-10.08
193102064,0.12,0.59,-10.43
193105796,0.08,0.27,-10.16
193109512,0.16,0.31,-10.40
193113240,-0.08,0.24,-9.65
193116912,0.16,0.35,-9.77
193120572,0.08,0.43,-10.20
193124280,0.20,0.47,-9.89
193127936,0.04,0.55,-10.00
193131644,0.04,0.47,-10.20
193135340,0.00,0.27,-10.36
193139060,0.16,0.27,-10.04
193142768,0.00,0.24,-10.24
193146500,0.08,0.12,-10.08
193150200,0.00,0.04,-10.28
193153912,0.08,0.16,-10.20
193157632,-0.04,0.04,-10.20
193161368,0.12,0.16,-9.89
193165040,0.16,0.16,-10.87
193168768,0.08,0.08,-10.47
193172488,0.16,0.04,-10.04
193176196,0.04,0.12,-10.08
193179908,0.16,0.12,-9.89
193183564,0.08,0.24,-10.00
193187268,0.08,0.63,-10.28
193190984,0.20,0.47,-9.81
193194636,0.16,0.39,-10.00
193198344,0.12,0.51,-10.16
193202084,0.16,0.39,-9.89
193205760,0.12,0.47,-10.00
193209480,0.20,0.31,-10.32
193213208,0.16,0.43,-9.85
193216896,0.08,0.47,-10.08
193220604,0.12,0.39,-9.96
193224268,0.12,0.35,-10.00
193227984,0.16,0.35,-10.16
193231708,0.08,0.27,-10.08
193235420,0.04,0.16,-10.16
193239120,0.00,0.20,-9.85
193242756,0.04,0.27,-10.04
193246472,0.04,0.08,-10.08
193250140,0.00,0.00,-9.89
193253772,0.12,0.00,-10.08
193257484,0.04,0.31,-10.40
193261204,0.08,0.24,-10.08
193264912,0.08,0.04,-9.85
193268560,0.20,0.35,-10.08
193272268,0.16,0.47,-9.53
193275944,0.04,0.16,-10.32
193279660,0.08,0.39,-10.40
193283384,0.16,0.24,-9.81
193287056,0.04,0.24,-9.65
193290716,0.04,0.31,-10.20
193294432,0.12,0.39,-10.28
193298148,0.04,0.16,-9.81
193301804,0.16,0.55,-10.32
193305528,0.08,0.51,-10.12
193309248,0.08,0.20,-9.77
193312908,0.04,0.16,-10.24
193316628,0.08,0.31,-10.36
193320348,0.27,0.39,-10.04
193324072,0.12,0.31,-10.28
193327804,0.12,0.35,-10.36
193331520,0.04,0.55,-9.92
193335168,0.08,0.67,-10.00
193338888,0.16,0.67,-10.04
193342604,0.12,0.63,-10.00
193346316,0.16,1.22,-10.08
193350044,0.08,1.18,-10.04
193353760,0.08,1.22,-9.89
193357428,0.04,1.57,-10.08
193361140,0.24,1.73,-9.81
193364812,0.12,1.92,-10.08
193368528,0.35,2.28,-10.20
193372248,0.04,2.67,-9.77
193375900,0.24,2.79,-9.73
193379576,0.16,3.06,-10.28
193383296,0.16,2.86,-10.04
193387016,0.08,3.45,-9.92
193390676,0.16,3.45,-10.20
193394396,0.20,3.37,-10.32
193398124,0.31,3.92,-10.12
193401860,0.24,4.71,-10.51
193405584,0.24,4.63,-10.20
193409312,0.16,4.79,-9.77
193412980,0.12,4.90,-9.61
193416640,0.08,4.31,-10.12
193420368,-0.04,4.39,-9.61
193424040,0.20,4.67,-10.00
193427748,0.08,4.35,-10.08
193431476,0.04,4.59,-10.20
193435200,-0.04,4.86,-10.12
193438932,-0.12,4.55,-10.16
193442672,-0.24,4.98,-10.55
193446404,-0.20,4.12,-10.00
193450136,-0.24,3.80,-10.12
193453880,-0.20,3.22,-10.20
193457612,-0.24,2.79,-9.89
193461304,-0.20,2.59,-10.28
193465044,-0.35,2.35,-10.51
193468792,-0.55,1.92,-10.20
193472532,-0.86,1.69,-9.69
193476216,-1.02,1.65,-10.16
193479956,-1.26,0.90,-10.20
193483692,-1.33,0.51,-10.36
193487452,-1.33,0.24,-10.43
193491204,-1.37,0.20,-10.04
193494932,-1.41,0.31,-10.24
193498668,-1.29,0.55,-9.77
193502368,-1.29,0.75,-9.77
193506052,-1.14,0.94,-9.92
193509740,-1.18,1.02,-10.28
193513488,-1.06,0.94,-10.32
193517212,-1.02,0.59,-9.85
193520892,-0.94,0.35,-9.96
193524572,0.12,0.75,-10.40
193528296,-1.92,0.63,-9.34
193531992,-0.86,0.47,-10.67
193535728,-1.26,0.35,-10.28
193539476,-1.69,-0.24,-10.40
193543232,-1.53,-0.75,-9.96
193546924,-1.37,-1.49,-10.12
193550692,-1.06,-1.92,-10.83
193554456,-1.33,-2.12,-9.06
193558144,-1.06,-1.69,-9.73
193561856,-0.82,-1.77,-10.12
193565628,-0.75,-1.73,-10.75
193569404,-0.86,-1.96,-10.32
193573156,-0.86,-2.35,-9.69
193576872,-0.90,-2.31,-10.16
193580632,-0.59,-2.24,-10.28
193584396,-0.71,-2.51,-10.12
193588156,-0.63,-2.55,-10.04
193591912,-0.55,-2.59,-10.47
193595668,-0.47,-2.94,-9.96
193599368,-0.35,-2.75,-10.47
193603120,-0.51,-3.10,-10.40
193606876,-0.43,-3.61,-9.89
193610576,-0.35,-3.37,-10.47
193614344,-0.35,-4.08,-10.28
193618100,-0.24,-4.24,-10.43
193621856,-0.55,-4.59,-9.92
193625548,-0.43,-4.79,-9.41
193629244,-0.39,-5.02,-10.24
193633004,-0.47,-5.18,-10.36
193636768,-0.47,-5.33,-9.65
193640472,-0.27,-4.90,-10.12
193644220,-0.24,-4.51,-10.40
193647988,-0.16,-4.16,-10.28
193651760,-0.24,-3.49,-10.55
193655516,-0.16,-3.02,-10.24
193659264,-0.04,-2.39,-9.65
193662952,-0.04,-1.92,-10.55
193666684,0.00,-1.14,-10.47
193670400,0.00,-0.47,-10.16
193674116,0.08,0.27,-10.32
193677840,0.08,0.78,-10.43
193681548,0.08,0.71,-10.00
193685252,0.12,1.02,-10.59
193688972,-0.16,0.71,-9.96
193692656,-0.08,0.63,-10.47
193696380,0.16,0.63,-10.00
193700088,0.16,0.63,-9.61
193703752,0.27,0.94,-9.92
193707420,0.16,1.02,-9.77
193711084,0.04,0.86,-10.20
193714804,0.24,0.71,-10.36
193718520,0.00,0.35,-10.04
193722224,0.04,0.39,-10.43
193725948,0.08,0.04,-10.20
193729660,0.12,0.20,-10.20
193733376,0.16,-0.24,-10.20
193737112,0.04,-0.39,-10.24
193740860,0.12,-0.39,-10.20
193744588,-0.08,-0.39,-10.00
193748332,0.20,-0.12,-10.20
193752072,0.08,0.24,-10.43
193755784,0.12,0.31,-10.12
193759496,0.00,0.16,-10.32
193763204,0.00,0.31,-10.28
193766900,0.00,0.20,-10.08
193770596,0.04,0.20,-10.08
193774304,0.12,0.24,-10.04
193778040,0.16,0.39,-10.32
193781784,0.31,0.08,-10.16
193785500,0.20,0.39,-10.04
193789216,0.04,-0.20,-9.41
193792884,0.08,0.04,-10.24
193796600,0.08,0.04,-9.77
193800248,0.04,0.04,-9.89
193803888,0.04,0.00,-10.04
193807580,0.08,0.04,-10.28
193811284,0.08,0.12,-10.20
193815004,0.08,0.20,-10.04
193818704,0.08,-0.16,-9.49
193822376,0.08,0.31,-10.28
193826092,0.27,0.39,-10.04
193829812,0.12,0.82,-10.24
193833544,0.08,0.75,-10.16
193837268,0.12,0.39,-10.43
193840984,0.16,0.63,-9.92
193844652,0.08,0.67,-10.28
193848368,0.08,0.67,-9.92
193852024,0.12,0.67,-10.08
193855752,0.20,0.39,-10.20
193859468,0.04,0.31,-10.12
193863192,0.04,0.63,-10.43
193866916,0.08,0.43,-10.28
193870632,0.12,0.24,-10.04
193874356,0.04,-0.12,-9.57
193878040,0.16,-0.20,-10.00
193881764,0.12,0.08,-10.00
193885460,0.00,0.20,-10.08
193889156,0.16,0.20,-9.96
193892832,0.16,0.08,-10.24
193896524,0.00,0.04,-10.24
193900208,0.16,0.00,-10.32
193903904,0.00,0.04,-10.28
193907612,0.04,0.04,-10.24
193911320,0.04,0.08,-10.24
193915040,0.16,0.12,-10.32
193918780,0.04,-0.16,-9.65
193922460,0.12,0.04,-10.32
193926192,0.04,0.08,-10.24
193929876,0.08,0.00,-9.96
193933512,0.04,0.16,-10.32
193937216,0.00,-0.08,-10.08
193940916,0.00,0.08,-10.36
193944624,0.04,0.04,-10.20
193948308,0.00,0.04,-9.73
193951940,0.00,0.04,-10.16
193955624,0.00,0.08,-10.12
193959336,0.08,0.04,-10.43
193963048,0.08,0.04,-10.32
193966760,0.12,0.04,-9.96
193970424,0.08,0.27,-10.08
193974136,0.04,0.43,-10.20
193977864,0.04,0.47,-9.92
193981512,0.08,0.43,-9.96
193985164,0.08,0.59,-10.08
193988876,0.04,0.75,-10.32
193992596,0.04,0.59,-9.81
193996256,0.08,0.43,-10.04
193999972,0.24,0.39,-9.73
194003632,0.24,0.43,-10.20
194007352,0.20,0.47,-9.81
194011012,0.20,0.47,-9.81
194014664,0.08,0.55,-9.85
194018332,0.12,0.55,-9.92
194022000,0.04,0.59,-9.89
194025660,0.08,0.51,-10.04
194029364,0.08,0.51,-9.89
194033032,0.08,0.43,-10.04
194036752,0.08,0.51,-10.47
194040464,0.12,0.75,-10.20
194044192,0.08,0.39,-10.12
194047920,0.08,0.43,-10.16
194051648,0.04,0.16,-9.85
194055312,0.16,0.04,-10.20
194059028,0.08,0.08,-9.89
194062676,0.08,-0.08,-9.41
194066364,0.12,-0.20,-10.47
194070100,0.08,-0.08,-9.85
194073752,0.08,0.00,-9.81
194077400,0.04,-0.04,-9.92
194081064,0.08,0.04,-10.12
194084780,0.04,0.04,-10.43
194088488,0.12,0.35,-10.16
194092216,0.16,0.51,-10.16
194095940,0.08,0.67,-10.47
194099652,0.08,0.63,-10.24
194103364,0.04,0.51,-10.16
194107084,0.04,0.43,-9.89
194110728,0.00,0.35,-10.16
194114444,0.12,0.63,-9.92
194118128,0.04,0.31,-9.53
194121784,0.04,0.27,-9.81
194125440,0.08,0.47,-9.92
194129096,0.16,0.35,-10.08
194132808,0.04,0.39,-9.96
194136460,0.04,0.43,-9.85
194140120,0.04,0.35,-10.36
194143840,0.00,0.47,-10.40
194147544,0.04,0.31,-9.53
194151200,0.16,0.08,-9.69
194154860,0.00,0.43,-9.96
194158508,0.08,0.47,-9.92
194162184,0.12,0.35,-10.24
194165912,0.04,0.12,-10.00
194169616,0.16,0.20,-10.04
194173344,0.12,0.35,-10.04
194177068,0.08,0.16,-10.20
194180768,0.20,0.27,-10.08
194184468,0.00,0.20,-10.12
194188180,0.04,0.12,-9.92
194191860,0.08,0.12,-10.16
194195576,0.08,0.08,-9.85
194199220,0.04,0.16,-10.12
194202932,0.24,0.04,-9.81
194206596,0.12,0.39,-10.36
194210328,0.04,0.12,-10.00
194214040,0.12,0.20,-10.24
194217764,0.12,0.12,-9.73
194221428,0.04,0.27,-9.96
194225088,0.12,0.12,-10.04
194228820,0.08,0.31,-10.04
194232524,0.12,0.16,-10.32
194236248,0.08,0.24,-9.96
194239908,0.12,0.24,-10.20
194243632,0.08,0.24,-10.32
194247344,0.08,0.16,-10.24
194251044,0.00,0.16,-9.92
194254696,0.04,-0.08,-10.28
194258432,0.12,-0.63,-9.73
194262108,0.00,-0.20,-10.55
194265804,0.00,-0.51,-10.32
194269548,0.04,-0.78,-9.81
194273212,0.00,-0.63,-10.24
194276944,-0.08,-1.14,-10.12
194280696,-0.16,-1.37,-10.04
194284436,0.00,-1.33,-9.92
194288104,0.00,-1.69,-10.24
194291836,0.04,-1.84,-10.40
194295552,0.00,-2.12,-10.51
194299280,-0.08,-2.43,-10.08
194303028,-0.08,-2.51,-10.63
194306780,-0.04,-2.90,-10.40
194310524,-0.20,-2.51,-10.59
194314280,-0.20,-3.53,-9.92
194317976,-0.43,-3.61,-10.20
194321736,-0.31,-3.88,-9.85
194325440,-0.47,-4.31,-10.16
194329200,-0.47,-4.71,-10.12
194332968,-0.86,-4.90,-10.36
194336724,-0.82,-4.79,-10.43
194340476,-1.22,-5.22,-10.04
194344232,-1.22,-5.14,-10.59
194348004,-1.33,-5.37,-10.20
194351760,-1.37,-5.18,-9.96
194355456,-1.53,-5.57,-9.53
194359164,-1.61,-5.45,-10.47
194362924,-1.73,-5.30,-10.04
194366672,-1.92,-5.18,-9.92
194370380,-2.00,-5.18,-10.16
194374136,-2.04,-5.06,-10.40
194377892,-2.00,-4.24,-10.55
194381636,-1.96,-4.00,-10.04
194385400,-1.92,-3.33,-10.12
194389176,-1.69,-2.51,-9.96
194392876,-1.57,-2.04,-9.96
194396572,-1.61,-1.61,-10.08
194400328,-1.73,-0.98,-9.96
194404012,-1.65,-0.59,-10.51
194407780,-1.65,-0.16,-10.20
194411552,-1.57,0.04,-10.36
194415288,-1.69,0.43,-9.92
194418984,-1.65,0.39,-10.47
194422740,-0.39,-0.75,-12.63
194426488,0.71,4.08,-9.61
194430152,1.18,7.34,-8.28
194433832,1.77,7.65,-8.75
194437496,1.06,4.94,-10.98
194441224,-0.12,0.35,-11.73
194444956,-1.73,-1.14,-9.89
194448668,-1.73,-0.94,-9.57
194452368,-1.22,0.08,-10.04
194456100,-1.45,-0.75,-10.71
194459856,-1.06,0.75,-9.14
194463532,-1.22,1.26,-10.51
194467284,-0.75,1.45,-9.85
194470976,-0.90,1.57,-10.28
194474704,-1.18,2.55,-10.08
194478452,-0.98,2.51,-10.12
194482196,-1.14,2.90,-10.40
194485924,-1.26,2.12,-10.67
194489676,-1.41,0.75,-10.63
194493432,-1.41,0.75,-11.06
194497172,-1.45,0.31,-10.98
194500912,-1.69,1.26,-10.55
194504652,-1.92,1.61,-10.87
194508408,-1.61,2.35,-10.63
194512164,-1.45,2.55,-10.32
194515904,-1.37,2.67,-10.00
194519648,-1.65,2.79,-9.96
194523328,-1.14,3.06,-9.81
194527008,-0.98,3.37,-10.04
194530744,-0.47,3.10,-9.38
194534432,-0.35,3.61,-9.45
194538108,-0.47,4.55,-9.92
194541788,-0.24,4.12,-9.30
194545468,-0.16,4.28,-9.26
194549164,-0.08,4.79,-9.65
194552856,0.24,5.30,-9.89
194556532,0.16,5.49,-10.20
194560248,0.12,5.26,-9.89
194563908,0.16,5.77,-9.69
194567568,0.24,6.16,-9.65
194571232,0.31,5.96,-9.92
194574888,0.27,6.12,-10.12
194578620,0.39,6.39,-10.12
194582340,0.51,6.20,-9.77
194586000,0.51,6.12,-9.38
194589672,0.39,5.77,-9.65
194593332,0.51,5.30,-9.26
194597008,0.39,5.41,-9.69
194600672,0.39,4.90,-10.16
194604404,0.20,4.24,-9.89
194608064,0.31,3.80,-9.65
194611732,0.24,3.22,-9.61
194615408,0.24,2.90,-10.08
194619112,0.27,2.39,-10.00
194622840,0.20,1.88,-9.65
194626492,0.39,1.73,-9.69
194630164,0.43,1.26,-9.73
194633844,0.39,1.33,-9.61
194637496,0.20,1.10,-9.73
194641160,0.08,0.86,-9.89
194644828,0.08,0.94,-10.28
194648524,0.00,0.82,-10.32
194652228,0.16,0.59,-10.63
194655956,0.04,0.63,-10.20
194659652,0.00,0.43,-10.28
194663360,0.12,0.47,-10.20
194667076,0.12,0.20,-9.92
194670744,0.04,0.27,-9.89
194674404,0.08,-0.24,-9.92
194678080,0.16,0.04,-10.20
194681800,0.08,-0.04,-10.32
194685532,-0.16,-0.08,-10.47
194689276,-0.43,0.16,-11.53
194693020,-0.35,0.31,-11.30
194696760,-0.16,-0.43,-11.41
194700520,-0.16,-1.10,-10.24
194704268,0.59,-0.78,-8.87
194707960,0.67,-1.02,-8.32
194711648,0.39,-1.57,-9.41
194715332,0.08,-1.77,-10.24
194719080,-0.16,-1.29,-11.02
194722852,-0.43,-0.55,-10.83
194726608,-0.12,0.20,-11.02
194730340,0.08,0.51,-10.12
194734052,0.35,0.55,-9.69
194737736,0.35,0.47,-9.65
194741408,0.39,0.35,-9.77
194745064,0.08,0.27,-10.00
194748760,0.00,0.39,-10.43
194752448,0.00,0.27,-10.83
194756148,0.00,0.31,-10.43
194759864,0.04,0.20,-10.00
194763560,0.08,0.47,-9.92
194767220,0.16,0.55,-9.92
194770888,0.20,0.35,-10.08
194774604,0.08,0.24,-9.61
194778264,-0.08,0.27,-10.43
194781996,0.20,0.27,-10.04
194785724,0.08,0.04,-10.59
194789432,0.08,0.04,-10.04
194793112,0.00,0.04,-10.00
194796808,0.12,0.08,-10.36
194800524,0.04,0.08,-10.00
194804224,0.04,0.43,-10.08
194807940,0.08,0.59,-10.36
194811652,0.04,0.67,-10.04
194815368,0.20,0.51,-10.12
194819108,0.04,0.47,-10.32
194822824,0.04,0.47,-10.12
194826536,0.24,0.67,-10.04
194830260,0.08,0.55,-10.24
194833984,0.08,0.67,-9.81
194837644,0.04,0.67,-10.00
194841340,0.12,0.59,-9.53
194845000,0.16,0.67,-9.89
194848672,0.08,0.67,-9.92
194852336,0.12,0.82,-10.20
194856060,0.12,0.43,-10.04
194859772,0.16,0.39,-9.92
194863428,0.08,0.59,-9.96
194867084,0.12,0.59,-10.24
194870812,0.12,0.59,-10.16
194874540,0.04,0.24,-9.73
194878196,0.16,0.04,-10.00
194881912,0.04,-0.16,-10.36
194885640,0.00,-0.12,-10.90
194889336,0.04,0.00,-10.28
194893032,0.08,0.04,-10.00
194896736,0.08,-0.12,-10.43
194900460,0.04,0.00,-9.85
194904112,0.12,-0.16,-10.12
194907856,0.04,0.16,-10.12
194911588,0.04,0.35,-10.55
194915312,0.04,0.12,-9.89
194918984,0.16,0.39,-10.20
194922712,0.12,0.47,-9.96
194926380,0.08,0.63,-10.20
194930092,0.12,0.55,-10.32
194933820,0.00,0.24,-10.55
194937524,0.04,0.24,-10.40
194941240,0.12,0.20,-10.16
194944960,0.08,0.24,-10.00
194948672,0.16,0.43,-10.32
194952400,0.16,0.35,-9.81
194956072,0.24,0.35,-10.24
194959800,0.08,0.20,-9.77
194963448,0.04,0.47,-10.00
194967152,0.08,0.71,-9.85
194970820,0.12,0.67,-10.00
194974532,0.12,0.78,-10.32
194978248,0.12,0.51,-9.89
194981908,0.00,0.39,-9.92
194985556,-0.08,0.51,-10.08
194989292,0.16,0.43,-10.55
194993024,0.04,0.47,-9.89
194996680,0.04,0.24,-9.92
195000352,0.08,0.20,-10.28
195004052,0.08,0.20,-9.96
195007720,0.12,0.24,-10.12
195011444,0.08,0.47,-10.16
195015168,0.04,0.35,-10.08
195018884,0.08,0.12,-10.16
195022592,0.04,0.00,-10.04
195026300,0.04,0.16,-10.55
195030020,-0.04,0.04,-10.12
195033728,0.00,0.12,-9.73
195037384,0.08,-0.12,-10.55
195041120,0.08,0.20,-10.12
195044832,0.04,0.31,-9.89
195048492,0.12,0.31,-10.16
195052212,0.12,0.39,-10.55
195055936,0.16,0.27,-10.04
195059656,0.12,0.43,-10.32
195063400,0.20,0.12,-10.12
195067132,0.12,0.39,-10.20
195070832,0.00,0.35,-10.00
195074540,0.20,0.24,-9.73
195078204,0.20,0.35,-10.12
195081928,0.04,0.20,-10.20
195085632,0.20,0.47,-9.81
195089304,0.04,0.39,-10.28
195093020,0.16,0.31,-9.96
195096688,0.16,0.47,-10.04
195100412,0.12,0.39,-10.55
195104144,0.16,0.31,-10.20
195107872,0.16,0.04,-9.69
195111528,0.12,0.43,-10.47
195115256,0.24,0.31,-10.16
195118988,0.08,0.20,-10.00
195122680,0.04,0.27,-9.73
195126340,0.08,0.43,-10.28
195130060,0.08,0.08,-10.20
195133752,0.00,0.24,-10.40
195137468,-0.12,0.24,-10.51
195141212,0.04,0.43,-10.16
195144936,0.12,0.43,-10.16
195148660,0.08,0.39,-10.04
195152388,0.08,0.59,-10.36
195156120,0.04,0.35,-10.16
195159840,0.12,0.20,-10.36
195163560,0.04,0.35,-10.08
195167280,0.12,0.59,-10.36
195170992,0.12,0.27,-9.85
195174656,0.08,0.47,-9.73
195178308,0.04,0.27,-9.89
195181972,-0.04,0.16,-9.77
195185644,0.20,0.47,-9.65
195189312,0.16,0.24,-10.20
195193032,0.04,0.24,-10.12
195196756,0.12,0.31,-10.51
195200492,0.20,0.31,-10.16
195204216,0.16,0.39,-9.69
195207880,0.16,0.78,-10.51
195211608,0.16,0.82,-10.08
195215316,0.04,0.55,-9.89
195218980,0.04,0.47,-9.96
195222628,0.08,0.31,-9.73
195226288,0.04,0.27,-9.49
195229936,0.00,0.47,-10.28
195233640,0.20,0.98,-10.32
195237368,0.24,1.26,-9.85
195241044,0.08,0.78,-10.47
195244752,0.20,0.86,-10.08
195248460,0.16,1.26,-10.28
195252188,0.20,1.84,-10.00
195255904,0.16,2.43,-10.28
195259632,0.16,3.02,-10.20
195263348,0.27,2.82,-9.85
195267016,0.20,2.75,-9.65
195270692,0.12,3.18,-9.85
195274364,0.16,3.18,-9.89
195278032,0.12,3.22,-9.92
195281708,0.24,3.49,-10.12
195285436,0.20,4.20,-10.04
195289144,0.35,4.51,-10.08
195292856,0.16,4.59,-10.24
195296576,0.27,5.53,-10.43
195300300,0.47,6.24,-10.00
195304020,0.47,6.16,-10.20
195307740,0.43,7.45,-9.85
195311408,0.43,8.08,-10.04
195315128,0.04,8.04,-10.04
195318824,0.00,8.16,-9.65
195322464,-0.16,7.26,-9.77
195326148,-0.43,6.63,-9.77
195329820,-0.59,7.65,-9.14
195333500,-0.55,7.14,-10.59
195337244,-0.82,6.75,-10.63
195340972,-1.26,9.14,-10.55
195344724,-0.90,6.94,-9.38
195348404,-1.65,7.85,-9.96
195352088,-1.53,7.10,-10.16
195355832,-2.04,6.67,-10.28
195359564,-2.04,4.79,-9.69
195363244,-2.28,2.82,-10.63
195366984,-2.35,3.77,-10.04
195370720,-2.55,3.96,-10.00
195374456,-2.71,3.88,-10.59
195378204,-3.14,3.57,-10.24
195381952,-3.33,2.43,-10.20
195385708,-3.45,1.45,-10.20
195389452,-3.92,-0.04,-9.92
195393140,-4.04,-1.37,-10.04
195396884,-3.77,-2.04,-9.89
195400584,-3.73,-2.28,-9.96
195404284,-3.80,-2.24,-9.92
195407980,-3.41,-2.28,-10.28
195411736,-3.41,-2.35,-9.73
195415440,-3.37,-1.33,-10.04
195419192,-3.10,-1.29,-10.12
195422960,-2.86,-0.75,-9.73
195426672,-2.55,-0.82,-10.32
195430432,-2.43,-0.47,-9.85
195434132,-2.20,-0.98,-10.36
195437880,-1.88,-1.53,-9.92
195441580,-1.61,-2.43,-9.85
195445288,-1.73,-2.82,-10.20
195449044,-1.18,-3.26,-10.51
195452812,-1.02,-2.59,-10.04
195456564,-0.67,-3.96,-9.77
195460276,-0.59,-4.31,-10.43
195464036,-0.63,-5.37,-10.16
195467804,-0.67,-6.28,-10.43
195471564,-0.63,-7.14,-10.04
195475324,-0.86,-8.20,-9.49
195479028,-0.78,-8.00,-10.79
195482784,-0.90,-8.94,-9.96
195486464,-0.90,-9.34,-9.85
195490168,-0.86,-8.98,-10.40
195493928,-0.59,-8.71,-10.00
195497680,-0.55,-8.39,-10.28
195501436,-0.35,-7.57,-10.00
195505180,-0.16,-6.67,-9.81
195508856,0.00,-5.61,-9.38
195512528,0.35,-4.43,-10.20
195516272,0.39,-3.65,-9.53
195519956,0.31,-2.79,-9.65
195523640,0.27,-2.63,-10.36
195527392,0.20,-2.16,-10.04
195531136,0.24,-1.53,-10.47
195534880,0.04,-1.41,-10.08
195538604,0.20,-0.86,-9.92
195542288,0.20,-0.39,-9.96
195545968,-0.04,-0.12,-10.08
195549712,-0.04,0.08,-10.67
195553440,0.04,0.27,-10.47
195557148,-0.08,0.59,-10.43
195560868,0.00,0.20,-10.04
195564568,0.08,0.24,-10.08
195568284,0.12,-0.08,-10.12
195572020,0.08,-0.35,-9.61
195575708,0.04,-0.20,-9.85
195579376,0.00,-0.20,-10.12
195583108,-0.12,-0.24,-10.36
195586868,0.20,0.04,-9.96
195590516,0.08,0.16,-9.89
195594176,0.12,0.12,-10.08
195597896,0.08,0.16,-9.96
195601564,0.12,0.04,-10.12
195605288,0.08,0.04,-10.20
195608992,0.24,0.12,-10.28
195612716,0.00,0.04,-10.20
195616400,0.16,-0.16,-9.73
195620088,0.04,-0.12,-10.24
195623820,0.12,-0.20,-10.08
195627544,0.12,-0.24,-9.92
195631228,-0.04,-0.35,-10.12
195634976,0.16,-0.08,-9.49
195638648,0.16,0.12,-9.81
195642320,0.08,0.04,-10.32
195646036,0.04,0.12,-10.32
195649760,0.20,0.08,-10.08
195653448,0.12,0.27,-9.85
195657116,0.04,0.51,-10.16
195660840,0.08,0.71,-10.24
195664548,0.16,0.78,-10.20
195668272,0.04,0.59,-9.92
195671932,0.04,0.51,-10.20
195675632,0.00,0.35,-9.77
195679276,0.00,0.24,-9.85
195682932,0.08,0.31,-9.77
195686596,0.16,0.12,-10.04
195690312,0.08,0.08,-9.89
195693964,-0.12,0.12,-9.92
195697644,0.12,-0.12,-10.79
195701384,0.16,0.20,-9.96
195705052,0.16,0.24,-10.28
195708780,0.04,0.35,-9.96
195712428,0.20,0.27,-10.36
195716152,0.08,0.24,-10.32
195719868,0.08,0.12,-9.65
195723528,0.04,0.24,-10.36
195727240,0.04,-0.35,-9.73
195730932,0.04,-0.39,-10.08
195734660,0.04,-0.39,-9.85
195738324,0.00,-0.12,-10.28
195742060,0.04,-0.39,-10.08
195745780,0.00,0.08,-10.40
195749484,0.24,-0.08,-9.81
195753144,0.16,0.00,-10.16
195756860,0.04,0.20,-10.36
195760572,0.08,0.31,-9.73
195764236,-0.08,0.55,-10.47
195767960,0.16,0.55,-10.04
195771672,0.00,0.78,-10.24
195775384,0.08,0.43,-10.00
195779104,0.04,0.94,-10.51
195782824,0.04,0.55,-10.16
195786536,0.04,0.55,-9.89
195790196,0.04,0.47,-9.89
195793852,0.16,0.63,-10.43
195797584,0.16,0.55,-10.24
195801296,0.00,0.39,-10.47
195805000,0.04,0.39,-10.20
195808712,0.12,0.24,-10.04
195812432,0.04,0.27,-10.28
195816148,0.16,0.20,-10.12
195819880,0.04,0.04,-10.12
195823584,0.20,0.59,-10.40
195827316,0.12,-0.16,-10.40
195831060,0.12,-0.04,-10.59
195834788,0.00,0.04,-10.16
195838488,0.04,-0.12,-9.92
195842160,0.20,-0.16,-9.85
195845840,0.04,-0.08,-10.24
195849528,0.00,0.00,-9.96
195853160,0.04,0.12,-10.00
195856860,0.00,0.20,-10.28
195860564,0.04,0.12,-10.32
195864276,0.04,0.39,-9.92
195867936,0.00,0.47,-10.16
195871652,0.04,0.47,-9.96
195875320,-0.04,0.27,-9.69
195878976,0.00,0.67,-10.04
195882676,0.08,0.43,-9.69
195886324,0.00,0.71,-10.00
195890020,0.16,0.31,-9.69
195893696,0.12,0.35,-10.04
195897404,0.08,0.55,-9.77
195901056,0.20,0.47,-9.89
195904716,0.20,0.63,-10.04
195908428,0.20,0.71,-10.12
195912160,0.16,0.35,-9.61
195915824,0.20,0.63,-9.69
195919480,0.24,0.55,-9.45
195923148,0.20,0.47,-9.89
195926808,0.24,0.31,-9.81
195930484,0.12,0.16,-9.73
195934152,0.16,0.16,-9.92
195937824,0.12,0.04,-10.16
195941544,0.16,0.04,-10.24
195945268,0.04,-0.12,-9.65
195948936,0.00,-0.12,-10.00
195952656,0.04,-0.04,-10.12
195956364,0.00,0.08,-10.00
195960056,-0.04,0.16,-10.47
195963796,0.04,0.24,-10.16
195967504,0.00,0.35,-10.36
195971216,-0.16,0.27,-10.32
195974956,0.04,0.24,-9.92
195978612,0.04,0.24,-10.00
195982296,0.00,0.27,-10.12
195986012,0.08,0.35,-10.16
195989728,0.04,0.08,-9.89
195993380,0.08,0.16,-9.77
195997044,0.24,0.24,-9.57
196000712,0.08,0.43,-10.55
196004436,0.12,0.16,-10.24
196008164,0.24,0.39,-10.16
196011892,0.20,0.16,-9.85
196015556,0.08,0.12,-10.28
196019268,-0.04,0.04,-10.00
196022976,0.08,-0.04,-10.36
196026676,0.00,0.00,-10.24
196030364,0.08,0.00,-10.24
196034064,0.04,-0.04,-9.92
196037724,0.16,-0.12,-10.00
196041452,0.04,-0.12,-10.43
196045188,0.08,-0.08,-10.20
196048904,0.00,-0.31,-9.96
196052552,0.00,-0.27,-10.24
196056280,0.04,-0.16,-10.47
196059996,0.00,0.35,-10.08
196063704,0.04,0.04,-10.04
196067404,0.04,0.24,-10.32
196071120,-0.12,0.31,-10.20
196074864,0.04,0.63,-10.24
196078576,0.16,0.59,-10.12
196082304,0.12,0.78,-10.32
196086024,0.12,0.75,-9.92
196089696,0.16,0.43,-10.08
196093416,0.12,0.63,-9.92
196097088,0.12,0.67,-9.77
196100744,0.16,1.02,-9.96
196104404,0.16,0.78,-9.92
196108064,0.08,0.59,-10.28
196111788,0.08,0.59,-10.20
196115508,0.08,0.75,-10.28
196119220,0.16,0.63,-10.59
196122948,0.08,0.63,-10.24
196126672,0.12,0.31,-9.96
196130344,0.12,0.35,-10.51
196134088,0.12,0.43,-10.04
196137804,0.08,0.16,-9.92
196141468,0.16,0.12,-10.12
196145196,0.04,0.16,-10.00
196148904,0.04,-0.08,-10.16
196152616,0.04,0.00,-10.36
196156304,0.00,0.04,-10.00
196160000,0.04,-0.08,-10.20
196163700,0.00,-0.27,-9.96
196167368,0.12,-0.24,-10.20
196171112,0.12,-0.04,-9.65
196174784,0.04,-0.04,-9.18
196178444,0.12,-0.20,-10.71
196182188,0.12,0.04,-10.16
196185908,0.12,0.12,-10.12
196189636,0.04,0.35,-10.12
196193356,0.04,0.90,-10.32
196197072,0.08,0.47,-10.24
196200784,0.00,1.10,-10.32
196204488,0.04,0.82,-10.12
196208208,0.04,0.90,-10.24
196211924,0.08,0.90,-9.89
196215580,0.12,0.78,-10.28
196219308,0.20,0.75,-9.85
196222984,0.04,0.43,-10.20
196226684,0.04,0.31,-9.81
196230352,0.08,0.24,-10.16
196234080,0.16,0.31,-9.92
196237752,0.12,0.51,-10.20
196241472,0.12,0.39,-9.89
196245136,0.12,0.35,-10.28
196248876,0.04,-0.08,-9.89
196252544,0.16,0.39,-9.96
196256212,0.16,0.31,-9.65
196259884,0.08,0.27,-9.92
196263544,0.16,0.43,-10.04
196267264,0.16,0.24,-10.24
196270988,0.16,0.55,-10.20
196274712,0.16,0.47,-9.89
196278376,0.04,0.35,-9.96
196282016,0.00,0.24,-10.47
196285708,0.00,0.24,-10.32
196289420,0.16,0.08,-10.32
196293108,0.00,0.00,-10.00
196296784,0.20,0.00,-10.36
196300492,0.04,0.04,-10.20
196304180,0.00,0.16,-10.24
196307900,-0.04,0.35,-10.59
196311616,0.00,0.20,-10.00
196315324,0.04,-0.04,-10.24
196319036,0.00,0.20,-10.12
196322748,0.08,0.12,-9.92
196326408,0.04,0.31,-10.12
196330116,0.08,0.20,-9.92
196333780,0.12,0.35,-10.08
196337496,0.39,0.24,-9.73
196341164,0.16,0.31,-10.04
196344892,0.08,0.31,-10.16
196348604,0.12,0.27,-10.16
196352336,0.08,0.27,-10.16
196356048,0.20,0.16,-9.85
196359712,0.16,0.20,-9.30
196363368,0.20,0.67,-10.36
196367096,0.20,0.20,-9.77
196370760,0.16,0.31,-10.12
196374492,0.12,0.39,-10.04
196378212,0.16,0.39,-10.36
196381940,0.16,0.16,-9.89
196385612,0.04,0.12,-10.16
196389336,0.04,0.12,-10.12
196393052,0.08,0.12,-10.00
196396764,0.04,0.08,-9.77
196400396,0.00,0.12,-10.40
196404092,0.00,0.20,-9.73
196407732,0.00,0.16,-10.04
196411424,0.00,0.24,-9.96
196415088,0.04,0.47,-10.40
196418788,0.00,0.43,-9.85
196422428,0.04,0.12,-9.96
196426104,0.08,0.35,-10.40
196429820,0.08,0.20,-10.43
196433536,0.08,0.43,-10.20
196437252,0.08,0.27,-10.24
196440964,0.20,0.24,-9.89
196444628,0.27,0.43,-9.89
196448308,0.12,0.35,-10.20
196452020,0.16,0.55,-10.08
196455748,0.12,0.47,-10.32
196459468,0.12,0.51,-10.08
196463196,0.04,0.39,-10.16
196466920,0.08,0.47,-10.24
196470636,0.08,0.55,-9.96
196474296,0.04,0.12,-9.65
196477964,0.20,0.20,-10.16
196481668,0.08,0.31,-10.00
196485372,0.04,0.27,-9.69
196489028,0.12,0.55,-10.04
196492752,0.08,0.24,-9.96
196496408,0.12,0.27,-9.96
196500084,0.12,0.55,-10.04
196503804,-0.08,0.24,-10.32
196507544,0.08,0.24,-9.85
196511192,0.00,0.27,-10.20
196514900,0.08,0.20,-9.81
196518536,0.00,0.16,-10.36
196522248,0.08,0.20,-10.00
196525948,0.12,0.08,-10.32
196529672,0.04,0.12,-10.67
196533392,0.04,0.04,-10.32
196537104,0.12,0.12,-10.24
196540828,0.08,0.24,-9.96
196544484,0.16,0.27,-10.20
196548208,0.12,0.24,-9.85
196551880,0.04,0.31,-10.08
196555592,0.16,0.20,-10.00
196559296,0.00,0.35,-10.08
196563000,0.04,0.24,-10.43
196566724,0.12,0.27,-10.16
196570444,0.08,0.27,-9.85
196574104,0.08,-0.16,-9.81
196577796,0.16,0.20,-10.36
196581528,0.04,0.20,-10.00
196585240,0.08,0.20,-10.08
196588948,0.08,0.16,-10.04
196592676,0.08,0.20,-10.04
196596376,0.08,0.47,-10.28
196600096,0.12,0.27,-10.28
196603832,0.08,0.39,-10.24
196607552,0.04,0.51,-10.24
196611268,0.08,0.51,-10.24
196614988,0.12,0.43,-10.36
196618720,0.12,0.20,-10.04
196622416,0.12,0.51,-10.43
196626140,0.08,-0.08,-9.85
196629804,0.08,0.16,-10.28
196633528,0.04,0.39,-10.00
196637248,0.20,0.20,-10.20
196640944,0.00,0.16,-9.96
196644596,0.16,0.04,-10.12
196648312,0.00,0.12,-10.16
196652024,0.35,0.04,-10.32
196655748,-0.04,0.24,-9.77
