14.16,-12.16,13.57
5331404,13.7218084,12.94,-12.12,13.57
7221832,13.10,-12.20,12.71
7225564,13.18,-12.20,12.83
7229304,13.06,-12.16,13.57
7233044,13.30,-11.89,13.93
7236792,13.49,-11.65,13.65
7240532,13.65,-11.53,13.89
7244276,13.42,-11.45,13.85
7248016,14.12,-11.34,14.12
7251760,13.65,-11.34,14.00
7255496,14.00,-11.41,14.20
7259232,13.81,-11.77,14.32
7262980,13.77,-11.81,14.20
7266712,13.73,-12.24,14.24
7270456,13.69,-12.36,13.93
7274208,13.81,-12.79,14.04
7277944,14.00,-12.98,13.81
7281684,13.93,-12.91,13.49
7285428,14.20,-12.94,13.42
7289176,14.24,-13.18,13.34
7292920,14.32,-13.81,13.65
7296660,14.47,-13.69,13.73
7300412,14.44,-13.69,13.53
7304156,14.79,-13.93,13.89
7307904,14.71,-13.85,13.61
7311664,14.44,-13.65,14.00
7315412,14.79,-13.61,13.69
7319160,14.47,-13.65,14.12
7322896,14.47,-13.61,13.53
7326648,14.44,-13.61,13.34
7330396,14.32,-13.69,13.06
7334136,14.24,-13.73,12.83
7337888,14.36,-13.77,12.63
7341640,13.81,-13.61,12.55
7345388,13.81,-13.53,12.40
7349128,13.61,-13.34,12.43
7352864,13.61,-13.57,13.10
7356600,13.65,-12.91,13.53
7360340,13.57,-12.16,13.85
7364092,13.69,-11.49,14.79
7367832,13.77,-10.43,13.93
7371580,13.85,-10.28,14.36
7375328,14.04,-9.92,13.73
7379004,14.00,-9.85,13.85
7382668,13.96,-10.20,14.00
7386392,14.16,-10.63,14.51
7390144,14.32,-11.26,14.20
7393892,14.40,-11.92,13.53
7397632,13.93,-12.47,13.61
7401392,13.89,-12.98,13.34
7405144,13.77,-13.30,13.10
7408888,13.96,-13.45,13.49
7412636,13.96,-13.49,13.57
7416380,13.85,-13.30,13.57
7420120,13.93,-13.53,13.57
7423872,13.89,-13.18,13.53
7427620,13.73,-13.18,13.81
7431372,13.61,-12.83,14.04
7435120,13.77,-12.79,14.08
7438852,13.73,-12.40,14.12
7442592,13.69,-12.79,14.04
7446332,13.61,-12.79,14.08
7450084,13.61,-12.67,14.24
7453836,13.45,-12.63,13.81
7457588,13.42,-12.75,13.34
7461340,13.42,-12.75,13.77
7465088,13.34,-12.83,13.45
7468832,13.26,-12.75,13.49
7472572,13.42,-12.75,12.98
7476320,13.45,-12.79,13.45
7480068,13.57,-12.75,12.75
7483804,13.61,-12.59,12.83
7487548,13.45,-12.55,12.94
7491292,13.42,-12.40,12.98
7495036,13.49,-12.20,13.02
7498776,13.34,-11.96,12.87
7502516,13.38,-12.16,12.91
7506268,13.06,-12.04,12.91
7510008,13.26,-11.85,12.79
7513756,13.26,-12.04,12.75
7517492,13.22,-11.77,12.91
7521240,13.22,-12.04,12.87
7524996,13.14,-12.36,13.26
7528740,13.06,-12.36,12.79
7532476,12.98,-12.32,12.87
7536232,13.06,-12.32,13.42
7539972,12.98,-12.20,13.02
7543704,13.10,-12.08,12.36
7547432,13.06,-11.96,12.75
7551176,13.18,-11.89,12.94
7554908,13.06,-11.73,12.36
7558664,13.10,-11.73,12.83
7562412,13.65,-11.61,12.75
7566160,13.81,-11.57,13.22
7569912,13.69,-11.61,12.94
7573660,13.57,-11.73,12.98
7577400,13.61,-11.45,13.14
7581152,13.89,-11.73,13.22
7584900,13.93,-11.45,13.42
7588644,13.96,-11.34,13.45
7592396,14.00,-11.41,13.49
7596124,14.04,-11.49,14.00
7599852,14.12,-11.53,13.73
7603600,14.08,-11.61,13.38
7607340,13.96,-11.41,14.24
7611084,13.96,-11.61,14.16
7614836,13.93,-11.61,14.00
7618580,13.93,-11.65,13.77
7622316,13.81,-11.85,13.30
7626072,13.81,-11.89,13.42
7629820,13.38,-11.89,13.53
7633568,13.38,-11.89,12.83
7637312,13.42,-12.04,13.49
7641056,13.18,-11.92,12.55
7644804,13.18,-11.85,12.79
7648548,12.75,-11.92,12.63
7652296,12.98,-11.85,12.59
7656048,12.91,-11.85,12.71
7659796,12.40,-12.04,12.83
7663540,12.24,-11.81,12.94
7667288,12.47,-12.40,12.98
7671024,12.47,-12.20,13.26
7674776,12.63,-12.04,13.30
7678512,12.59,-11.96,13.73
7682260,12.63,-11.85,13.96
7686000,12.59,-12.12,13.57
7689740,12.59,-11.61,13.89
7693484,12.71,-11.85,13.53
7697232,12.87,-11.77,15.02
7700976,12.94,-11.61,13.77
7704712,13.10,-11.57,13.85
7708452,13.10,-11.69,14.55
7712188,13.49,-11.65,14.36
7715932,13.14,-11.57,14.55
7719680,13.89,-11.53,14.67
7723420,14.04,-11.26,14.75
7727164,13.61,-11.22,14.87
7730916,13.45,-11.30,14.44
7734652,13.96,-11.65,14.40
7738404,14.32,-11.61,14.36
7742140,14.24,-11.96,14.47
7745880,14.59,-12.43,14.36
7749624,14.24,-12.79,14.44
7753368,14.12,-13.02,14.32
7757108,14.36,-13.30,14.16
7760852,14.28,-12.91,13.96
7764600,14.20,-12.63,14.71
7768340,14.08,-12.83,13.81
7772088,14.00,-12.51,14.40
7775820,13.89,-12.36,13.77
7779564,13.93,-12.12,13.30
7783300,13.93,-11.85,13.89
7787056,13.73,-11.73,13.22
7790804,13.69,-11.53,13.10
7794548,13.53,-11.49,12.59
7798288,13.34,-11.22,13.02
7802036,13.02,-11.22,12.67
7805780,13.14,-11.26,12.24
7809536,12.91,-11.22,11.69
7813292,12.75,-11.22,11.65
7817048,12.79,-11.02,11.57
7820792,12.55,-11.30,11.57
7824536,12.43,-11.22,11.69
7828280,12.43,-11.34,11.81
7832040,12.28,-10.90,12.24
7835776,12.32,-10.67,12.43
7839524,12.40,-10.51,12.63
7843264,12.51,-10.20,13.38
7846996,12.67,-10.24,13.26
7850736,12.94,-10.12,13.49
7854480,12.98,-10.67,13.73
7858232,13.18,-11.34,13.89
7861980,13.30,-11.57,14.24
7865720,13.42,-12.16,14.47
7869472,13.34,-12.67,13.89
7873208,13.57,-12.98,13.42
7876944,13.89,-13.26,13.18
7880684,14.08,-13.42,13.49
7884416,13.81,-13.45,13.65
7888172,13.57,-13.53,13.73
7891912,13.89,-13.38,13.89
7895664,13.96,-13.06,14.00
7899396,14.24,-12.51,14.08
7903140,14.20,-12.67,14.40
7906876,13.93,-12.87,14.16
7910620,14.20,-12.71,14.16
7914364,14.44,-12.87,14.00
7918092,14.55,-12.71,13.93
7921840,14.63,-12.91,14.20
7925580,14.67,-13.02,14.28
7929324,14.63,-12.87,13.81
7933088,14.79,-12.94,13.30
7936824,14.63,-13.02,13.85
7940560,14.59,-12.87,13.34
7944308,14.51,-12.79,14.47
7948056,14.36,-12.67,13.42
7951800,14.12,-12.63,14.32
7955552,14.00,-12.63,13.53
7959288,13.81,-12.55,13.06
7963032,13.30,-12.43,13.10
7966768,13.18,-12.40,13.34
7970504,12.91,-12.55,13.02
7974252,13.06,-12.47,12.98
7977988,12.63,-12.20,12.94
7981712,12.71,-12.16,13.02
7985448,12.55,-12.47,13.06
7989188,12.36,-12.20,13.57
7992924,11.65,-12.47,12.75
7996668,11.96,-12.43,12.63
8000396,12.00,-12.32,12.75
8004128,12.08,-12.20,12.71
8007864,11.96,-11.92,12.75
8011608,12.00,-11.81,12.59
8015340,12.04,-12.08,12.55
8019084,11.92,-12.04,13.10
8022808,11.96,-12.20,12.79
8026544,12.04,-12.20,12.51
8030284,12.12,-12.20,12.36
8034032,12.20,-12.08,12.12
8037756,11.81,-11.92,11.92
8041512,12.51,-11.69,12.43
8045240,12.67,-11.30,12.36
8048988,12.63,-10.87,12.51
8052728,13.06,-10.67,12.67
8056460,13.06,-10.40,13.06
8060200,13.22,-10.12,13.30
8063944,13.45,-10.08,13.45
8067684,13.45,-9.96,13.49
8071372,13.61,-9.92,13.93
8075068,13.69,-10.47,13.96
8078812,13.93,-10.55,13.81
8082560,14.08,-10.79,14.12
8086300,14.00,-11.02,13.96
8090032,14.00,-11.45,14.08
8093760,13.85,-11.81,13.81
8097500,13.85,-12.08,13.61
8101236,13.85,-12.40,13.69
8104988,13.77,-12.98,13.77
8108716,13.69,-12.71,13.65
8112456,13.49,-12.94,13.69
8116192,13.53,-12.87,14.00
8119928,13.30,-13.18,13.89
8123668,13.45,-12.94,13.49
8127416,13.30,-12.51,13.65
8131164,13.14,-12.12,13.61
8134904,13.18,-11.69,13.73
8138656,13.10,-11.26,13.81
8142392,13.18,-11.65,13.73
8146136,13.10,-10.94,13.89
8149876,12.75,-10.87,13.65
8153620,12.94,-11.06,13.69
8157372,12.79,-11.45,13.85
8161112,12.94,-11.34,13.57
8164860,13.02,-12.04,13.53
8168604,12.94,-12.04,13.45
8172340,12.94,-12.04,13.26
8176076,13.26,-12.36,13.34
8179824,13.14,-12.43,13.34
8183568,12.91,-12.47,13.22
8187312,13.02,-12.47,13.02
8191056,12.91,-12.59,12.79
8194792,12.87,-12.59,13.02
8198536,13.14,-12.55,12.43
8202288,12.98,-12.59,12.32
8206028,12.83,-12.71,12.51
8209776,12.83,-12.87,12.40
8213520,12.71,-13.06,12.71
8217244,12.79,-12.67,12.94
8220992,12.67,-12.24,12.91
8224736,12.59,-12.00,13.38
8228468,12.32,-11.89,13.30
8232220,12.51,-11.89,13.57
8235972,12.51,-11.57,13.61
8239728,12.59,-11.73,13.42
8243472,12.51,-11.81,13.57
8247224,12.55,-11.89,13.49
8250972,12.67,-12.24,13.61
8254716,12.59,-12.16,13.65
8258448,12.67,-12.40,13.61
8262204,12.91,-12.24,13.53
8265960,12.83,-12.00,13.45
8269696,12.98,-12.04,13.81
8273424,13.06,-12.08,14.40
8277152,12.87,-11.85,13.69
8280900,13.22,-11.45,13.61
8284652,13.02,-11.06,13.81
8288384,13.14,-11.14,13.53
8292136,13.10,-10.75,13.65
8295872,13.10,-10.75,13.45
8299608,13.14,-11.06,13.69
8303344,12.94,-11.14,13.42
8307092,13.06,-11.65,13.26
8310840,13.14,-12.20,13.61
8314576,13.02,-12.40,13.45
8318316,13.22,-12.24,13.30
8322072,13.06,-12.04,14.04
8325788,13.06,-11.89,13.61
8329532,13.02,-11.81,13.69
8333272,13.02,-11.38,13.69
8337016,13.10,-11.10,13.65
8340748,13.14,-10.71,13.73
8344504,13.18,-10.63,13.61
8348244,13.02,-10.47,14.28
8351992,13.06,-10.98,13.61
8355728,13.10,-11.34,13.42
8359484,13.10,-11.34,13.14
8363228,13.02,-11.89,13.18
8366968,12.98,-11.41,12.98
8370700,13.06,-12.16,12.91
8374440,12.91,-12.20,12.91
8378180,13.14,-11.96,12.87
8381936,12.91,-11.81,12.75
8385684,12.98,-11.73,13.30
8389416,12.98,-11.85,13.06
8393160,13.06,-11.73,13.42
8396900,12.94,-11.65,13.18
8400652,13.10,-11.45,13.34
8404388,13.30,-11.30,13.42
8408124,12.87,-11.30,13.38
8411852,12.79,-11.26,13.49
8415596,12.94,-11.85,13.49
8419344,12.91,-11.81,13.49
8423080,12.91,-11.38,13.61
8426820,12.94,-11.53,13.45
8430564,13.14,-11.61,13.18
8434308,12.83,-12.12,13.22
8438064,12.87,-11.89,13.14
8441808,12.94,-11.73,12.98
8445560,12.91,-12.00,13.26
8449300,12.79,-12.04,13.34
8453044,12.87,-11.96,13.69
8456784,12.94,-12.43,13.34
8460532,12.83,-12.08,13.30
8464260,13.06,-12.47,13.53
8467996,12.98,-12.16,13.45
8471744,12.94,-12.71,13.57
8475492,13.02,-12.43,13.45
8479228,12.98,-12.43,14.16
8482968,12.94,-12.47,13.53
8486716,13.10,-12.51,13.10
8490456,13.10,-12.55,13.34
8494196,12.94,-12.12,13.22
8497952,12.98,-12.28,13.45
8501692,12.94,-12.12,12.98
8505428,13.10,-12.28,12.67
8509176,13.34,-12.12,12.87
8512924,13.34,-12.24,13.06
8516664,13.14,-12.08,13.49
8520392,13.18,-12.00,13.53
8524124,13.34,-12.20,13.49
8527860,13.30,-12.04,13.49
8531600,13.38,-12.00,13.26
8535328,13.57,-11.92,13.53
8539076,13.30,-11.65,13.65
8542804,13.42,-11.57,13.93
8546552,13.38,-11.22,14.00
8550280,13.26,-11.61,14.08
8554024,13.45,-11.89,14.24
8557772,13.65,-11.92,13.93
8561528,13.81,-12.00,13.89
8565256,13.34,-11.92,13.69
8569008,13.26,-12.59,13.69
8572748,13.26,-12.55,13.45
8576504,13.26,-12.94,13.10
8580248,13.14,-12.83,13.06
8583980,13.26,-12.51,13.45
8587740,12.98,-12.24,13.06
8591476,13.22,-12.00,12.98
8595216,13.26,-11.92,13.06
8598952,13.10,-11.92,13.14
8602692,13.14,-11.77,13.22
8606436,13.22,-11.53,13.14
8610188,13.26,-11.77,13.10
8613944,13.34,-11.57,13.10
8617692,13.10,-11.85,12.98
8621436,13.02,-12.55,13.30
8625176,13.10,-11.77,13.14
8628920,13.14,-12.59,13.26
8632664,13.02,-12.51,13.26
8636400,13.22,-12.36,13.30
8640152,13.30,-12.43,13.22
8643900,13.26,-12.12,13.10
8647640,13.45,-12.51,13.18
8651380,13.38,-12.08,13.38
8655116,13.45,-12.28,13.42
8658876,13.30,-12.47,13.65
8662616,13.30,-12.28,13.85
8666360,12.94,-11.96,14.04
8670092,13.02,-11.85,14.12
8673828,13.02,-11.30,14.00
8677552,13.10,-11.73,14.36
8681296,13.10,-11.69,14.12
8685056,13.10,-11.77,13.96
8688792,12.83,-12.36,13.61
8692536,12.87,-12.51,13.61
8696280,13.14,-12.55,13.38
8700032,12.98,-12.75,13.42
8703776,13.06,-13.02,13.22
8707516,12.94,-12.47,12.79
8711260,12.98,-12.59,13.10
8715004,13.42,-12.00,13.10
8718724,12.83,-12.08,13.06
8722452,13.02,-12.08,12.98
8726176,13.06,-11.85,12.83
8729916,13.10,-11.53,12.98
8733652,13.18,-11.49,12.83
8737388,13.14,-11.73,13.49
8741124,13.10,-12.12,13.06
8744864,13.14,-11.85,13.38
8748632,13.18,-12.24,13.30
8752368,13.26,-12.12,13.89
8756120,13.30,-12.08,13.73
8759852,13.22,-12.04,13.85
8763596,13.30,-12.20,13.45
8767332,13.34,-11.81,13.65
8771080,13.30,-11.69,13.65
8774824,13.18,-11.73,13.73
8778580,13.26,-11.57,13.61
8782332,13.22,-11.57,13.96
8786084,13.18,-11.65,13.57
8789832,13.18,-11.45,13.42
8793584,13.26,-11.30,13.53
8797336,13.18,-11.41,13.53
8801092,13.26,-11.73,13.65
8804836,13.18,-11.81,13.49
8808588,13.18,-11.69,13.30
8812332,13.18,-11.81,13.77
8816084,13.18,-12.12,13.22
8819836,13.30,-11.89,13.18
8823580,13.02,-11.77,13.34
8827316,13.22,-11.89,13.14
8831064,13.18,-12.00,13.57
8834800,13.14,-11.69,13.14
8838532,13.14,-12.28,13.89
8842280,13.10,-11.85,13.14
8846020,13.10,-11.73,12.98
8849764,12.87,-11.49,13.38
8853516,12.98,-11.41,13.53
8857252,13.10,-11.61,13.38
8861000,13.18,-11.57,13.61
8864748,13.18,-11.92,13.45
8868476,13.14,-11.57,13.53
8872224,13.26,-11.92,13.45
8875972,13.10,-11.49,13.45
8879716,13.10,-11.77,13.61
8883448,13.10,-11.81,13.45
8887196,13.22,-11.81,13.69
8890952,13.06,-11.89,13.45
8894688,13.26,-12.24,13.45
8898428,12.98,-12.08,13.57
8902172,12.94,-12.40,13.53
8905920,12.94,-12.20,13.53
8909652,12.94,-12.59,13.34
8913396,12.98,-12.67,14.12
8917148,13.14,-12.67,13.14
8920892,13.14,-12.47,13.14
8924640,13.14,-12.87,13.10
8928372,13.10,-12.51,12.91
8932116,13.22,-12.98,13.02
8935860,13.10,-12.51,13.10
8939600,13.18,-12.40,13.89
8943340,13.22,-12.32,13.18
8947084,13.02,-12.16,13.18
8950828,13.14,-11.69,13.38
8954572,13.22,-12.00,13.38
8958316,13.10,-11.96,13.57
8962068,13.14,-11.53,13.69
8965812,13.10,-11.65,13.81
8969552,13.34,-11.34,13.57
8973304,12.98,-11.85,13.53
8977048,13.10,-11.41,13.38
8980784,12.98,-11.61,13.49
8984520,13.10,-11.65,13.57
8988252,13.10,-11.49,13.18
8992000,13.10,-11.65,12.79
8995732,12.79,-11.34,13.18
8999472,12.87,-11.96,13.30
9003204,13.10,-12.16,13.26
9006944,12.98,-12.08,13.14
9010692,13.10,-12.20,13.22
9014428,13.22,-12.16,13.73
9018184,13.10,-12.28,13.34
9021932,13.10,-12.08,13.34
9025672,13.06,-12.04,13.30
9029388,12.98,-11.65,13.26
9033136,13.10,-12.12,13.45
9036876,13.14,-12.00,13.10
9040616,13.10,-11.85,13.57
9044364,13.18,-12.28,13.89
9048112,12.91,-11.92,13.22
9051852,13.18,-11.81,13.26
9055612,12.91,-11.96,13.14
9059364,13.10,-11.89,13.26
9063104,13.10,-12.08,13.38
9066840,13.26,-11.77,13.34
9070596,13.22,-12.00,13.22
9074332,13.18,-11.89,13.30
9078076,13.30,-11.57,13.53
9081816,13.38,-12.08,13.61
9085556,13.42,-11.85,13.73
9089308,13.26,-11.77,13.93
9093056,13.22,-11.73,13.65
9096808,13.34,-11.81,13.30
9100552,13.14,-12.00,13.77
9104304,13.42,-12.24,13.69
9108052,13.30,-12.51,13.57
9111792,13.22,-12.79,13.38
9115544,13.26,-12.40,13.89
9119292,13.22,-12.47,13.34
9123040,13.34,-12.08,13.18
9126772,13.06,-12.00,13.26
9130508,12.87,-12.12,13.10
9134260,12.98,-12.40,12.94
9138004,13.14,-12.12,13.02
9141756,13.02,-11.73,13.26
9145508,13.14,-11.89,13.06
9149248,12.79,-12.28,13.34
9153004,13.10,-11.92,13.34
9156744,13.34,-11.81,13.38
9160500,13.02,-11.69,13.42
9164236,13.22,-11.69,13.22
9167984,13.30,-11.69,13.53
9171728,13.26,-12.08,13.06
9175460,13.30,-11.81,13.57
9179204,13.14,-11.92,13.38
9182944,13.14,-11.53,13.57
9186680,13.22,-11.69,13.57
9190424,13.18,-12.04,13.57
9194152,13.14,-12.16,13.53
9197912,13.34,-12.04,13.38
9201648,13.06,-12.12,13.26
9205384,13.22,-12.12,13.38
9209136,13.10,-12.36,13.26
9212876,12.94,-12.20,13.14
9216628,13.06,-12.28,13.49
9220360,12.98,-12.08,12.98
9224080,12.91,-11.96,13.22
9227828,13.02,-11.73,13.22
9231572,12.98,-11.73,13.42
9235324,13.10,-11.89,13.45
9239060,13.06,-12.32,13.45
9242804,13.14,-12.16,13.49
9246540,13.30,-12.32,14.04
9250272,13.38,-12.12,13.69
9254028,13.18,-12.24,13.85
9257780,13.26,-12.08,13.89
9261524,13.26,-12.24,13.61
9265268,13.26,-12.08,13.49
9269012,13.26,-12.08,13.96
9272740,13.38,-12.12,13.14
9276492,13.10,-11.85,13.45
9280240,13.45,-11.92,13.45
9283988,13.18,-11.89,13.38
9287736,13.22,-11.77,13.02
9291480,13.18,-11.65,13.65
9295224,13.06,-11.81,13.34
9298964,13.06,-11.96,13.38
9302692,13.10,-11.65,13.14
9306428,12.94,-11.92,13.30
9310172,13.10,-11.77,13.10
9313916,12.98,-11.69,13.10
9317652,13.02,-12.00,13.45
9321384,13.10,-12.04,13.30
9325128,13.06,-12.08,12.98
9328864,12.91,-12.43,13.14
9332616,12.98,-11.77,13.02
9336348,13.18,-12.04,13.22
9340092,13.18,-12.04,13.18
9343828,13.10,-12.00,13.34
9347560,13.30,-12.32,13.85
9351308,13.26,-12.32,13.73
9355048,13.06,-12.40,13.34
9358780,12.98,-11.69,13.42
9362516,13.10,-12.08,13.30
9366248,13.30,-11.69,13.42
9370004,13.14,-11.92,13.85
9373752,13.18,-11.65,13.81
9377504,13.30,-11.61,13.89
9381240,13.53,-11.49,13.53
9384988,13.18,-11.49,13.57
9388724,13.49,-11.53,13.73
9392472,13.18,-11.96,13.81
9396232,13.30,-11.96,13.65
9399968,13.30,-12.12,13.85
9403712,13.26,-12.28,13.14
9407452,13.10,-12.16,13.45
9411192,13.14,-11.85,13.34
9414944,13.14,-11.96,13.34
9418700,13.14,-12.20,13.69
9422452,13.10,-12.40,13.53
9426188,13.06,-12.47,13.85
9429916,13.30,-12.32,13.96
9433660,13.18,-12.40,13.65
9437392,13.26,-12.47,13.57
9441140,13.30,-12.08,13.38
9444868,13.22,-12.16,13.30
9448616,13.26,-12.20,13.65
9452356,13.10,-12.40,13.38
9456092,13.30,-12.16,13.22
9459844,13.06,-12.12,12.98
9463592,13.18,-12.16,13.14
9467340,13.02,-11.85,13.06
9471072,12.94,-12.12,12.94
9474816,13.14,-12.08,12.91
9478568,13.10,-11.69,12.59
9482304,12.94,-11.45,13.10
9486040,12.98,-11.45,13.34
9489788,13.10,-11.10,13.45
9493524,13.02,-11.10,13.30
9497244,13.18,-11.14,13.30
9500996,13.14,-11.10,13.65
9504732,13.18,-11.38,13.26
9508488,13.26,-11.49,13.26
9512228,13.34,-11.61,13.45
9515984,13.06,-11.45,13.45
9519728,13.18,-11.65,13.45
9523484,13.10,-11.92,13.49
9527232,13.10,-11.49,13.18
9530980,12.98,-11.89,13.53
9534724,13.30,-12.04,13.26
9538472,13.14,-12.20,13.22
9542208,13.02,-12.24,13.34
9545940,13.06,-12.16,13.38
9549680,13.02,-12.28,13.45
9553412,13.22,-11.92,13.57
9557180,12.98,-12.04,13.89
9560916,12.98,-11.49,13.77
9564660,13.38,-12.12,13.81
9568412,13.42,-11.61,13.93
9572168,13.30,-12.00,13.89
9575912,13.38,-12.04,13.81
9579652,13.22,-11.92,14.16
9583392,13.18,-12.00,13.38
9587136,13.30,-12.51,13.65
9590884,13.18,-12.24,13.57
9594624,13.30,-12.20,13.57
9598372,13.02,-12.00,13.69
9602108,13.18,-12.08,13.57
9605840,13.10,-11.89,13.45
9609580,13.14,-11.65,13.49
9613340,13.18,-11.41,13.45
9617084,13.02,-11.06,13.26
9620816,12.94,-11.02,13.14
9624552,12.94,-11.57,12.98
9628288,13.06,-11.45,13.49
9632024,12.94,-11.38,12.75
9635772,13.06,-11.41,12.98
9639508,13.22,-11.10,13.10
9643244,12.83,-11.34,12.98
9646988,12.91,-11.89,12.87
9650736,12.79,-11.77,13.18
9654484,12.79,-12.40,13.02
9658220,12.83,-12.87,13.81
9661972,12.79,-12.55,13.06
9665716,12.98,-12.79,13.14
9669456,12.83,-12.47,13.06
9673200,12.87,-12.32,13.26
9676964,12.94,-11.96,13.53
9680708,12.91,-12.00,13.93
9684444,12.98,-11.77,14.04
9688180,12.91,-11.22,13.53
9691924,13.02,-11.45,13.61
9695656,13.18,-11.41,13.45
9699404,13.06,-11.45,13.34
9703144,13.10,-11.85,13.65
9706896,13.02,-11.61,13.81
9710644,13.14,-12.04,13.85
9714372,13.42,-11.69,13.49
9718128,13.02,-11.34,13.22
9721872,12.83,-11.22,13.26
9725612,13.02,-11.38,13.34
9729352,12.91,-11.34,12.94
9733100,13.02,-11.57,13.57
9736836,12.98,-11.69,13.38
9740592,13.06,-11.81,13.22
9744328,12.98,-11.65,13.42
9748084,12.91,-11.69,13.42
9751836,13.02,-11.89,13.53
9755588,13.02,-11.45,13.45
9759320,13.14,-11.96,13.22
9763072,13.06,-11.69,13.10
9766804,13.18,-11.85,13.38
9770544,13.30,-11.81,13.26
9774288,13.14,-12.24,13.57
9778036,13.18,-11.96,13.38
9781780,13.02,-12.40,13.38
9785524,13.06,-11.96,14.24
9789260,13.38,-11.77,13.45
9793008,13.06,-12.00,13.45
9796728,13.26,-11.92,13.49
9800472,13.14,-11.73,13.53
9804208,13.10,-11.81,13.34
9807952,13.14,-11.65,13.45
9811700,13.14,-11.53,13.69
9815448,13.45,-11.61,13.49
9819192,12.98,-12.20,13.85
9822924,13.10,-12.20,13.61
9826672,13.26,-12.32,13.49
9830424,13.22,-12.12,13.81
9834168,13.26,-11.77,13.53
9837912,13.10,-12.32,13.34
9841652,13.53,-11.81,13.34
9845396,12.98,-11.61,13.18
9849140,13.14,-11.89,13.14
9852892,13.06,-11.61,13.45
9856640,12.94,-11.61,13.57
9860376,12.94,-11.22,13.38
9864132,12.83,-11.49,13.02
9867864,12.87,-11.38,13.02
9871608,13.06,-11.49,12.91
9875336,12.98,-11.73,13.14
9879076,12.94,-11.96,12.98
9882816,12.94,-12.24,13.14
9886568,12.94,-12.36,13.57
9890316,12.91,-12.36,13.14
9894068,12.91,-12.12,13.18
9897804,12.87,-12.47,13.38
9901556,12.91,-12.24,13.34
9905312,13.06,-12.00,13.49
9909036,13.10,-11.77,13.85
9912768,13.22,-11.69,13.96
9916512,13.22,-11.57,13.61
9920252,13.18,-11.61,13.49
9924000,13.34,-11.73,13.57
9927752,13.10,-11.34,13.65
9931492,13.14,-11.57,13.77
9935240,13.26,-11.61,13.57
9939000,13.02,-11.49,14.32
9942740,13.22,-11.61,13.96
9946488,13.22,-11.53,13.45
9950236,13.06,-11.81,13.42
9953972,13.14,-12.04,13.22
9957720,13.10,-11.73,13.14
9961460,12.94,-11.73,13.18
9965204,13.10,-11.77,13.81
9968952,13.22,-11.96,13.14
9972692,12.83,-12.36,12.98
9976448,13.10,-11.77,13.02
9980184,13.02,-11.92,13.10
9983928,12.94,-11.49,13.06
9987676,13.18,-11.49,13.18
9991416,13.10,-11.65,13.65
9995168,13.14,-11.65,13.22
9998920,13.06,-11.69,13.22
10002652,13.22,-11.38,13.22
10006464,13.02,-11.45,13.49
10010256,12.98,-11.81,13.45
10014068,13.06,-11.73,13.89
10017872,13.18,-12.00,13.34
10021664,13.26,-11.85,13.53
10025480,13.10,-11.89,13.53
10029280,13.30,-11.81,13.49
10033080,13.18,-12.00,13.61
10036876,13.30,-12.16,13.42
10040688,13.26,-11.92,13.93
10044488,13.30,-11.89,13.26
10048292,13.18,-11.61,13.57
10052108,13.26,-11.57,13.61
10055912,13.18,-11.77,13.69
10059720,13.26,-11.61,13.53
10063520,13.18,-11.65,13.53
10067320,13.06,-11.57,13.57
10071120,13.02,-11.85,13.57
10074912,13.10,-11.92,13.49
10078716,13.14,-11.89,13.49
10082524,12.94,-11.89,13.26
10086328,13.02,-12.12,13.14
10090136,12.79,-11.85,13.02
10093944,12.91,-12.04,12.94
10097748,13.02,-12.12,12.83
10101552,12.94,-11.89,12.75
10105344,12.79,-12.04,12.83
10109144,12.83,-11.69,13.18
10112964,12.91,-11.57,13.06
10116768,13.02,-11.81,13.14
10120572,12.98,-11.61,12.83
10124364,13.26,-11.53,13.38
10128168,13.14,-11.65,13.45
10131980,13.10,-11.57,13.22
10135780,13.06,-11.85,13.22
10139580,13.14,-11.73,14.36
10143376,13.14,-11.77,13.34
10147188,13.26,-11.92,13.45
10150988,13.26,-11.65,13.45
10154792,13.22,-11.61,13.57
10158596,13.22,-11.69,13.96
10162404,13.14,-11.77,13.53
10166212,13.34,-11.65,13.57
10170012,13.38,-11.96,13.85
10173812,13.30,-11.77,13.57
10177612,13.26,-11.96,14.08
10181404,13.30,-12.00,13.81
10185184,13.26,-11.85,13.69
10188996,13.22,-11.96,13.61
10192796,13.26,-12.32,13.53
10196608,13.26,-12.08,13.96
10200408,13.18,-12.08,13.34
10204216,12.98,-12.00,13.26
10208004,13.14,-11.92,13.10
10211792,13.18,-12.04,12.91
10215600,13.14,-11.69,12.63
10219404,13.10,-12.00,12.87
10223184,12.98,-11.92,12.75
10226992,13.06,-11.96,13.10
10230776,13.14,-11.77,13.14
10234592,13.10,-11.49,13.57
10238388,13.02,-11.41,12.79
10242192,12.94,-11.77,13.26
10246000,12.91,-11.30,13.49
10249800,13.02,-11.65,13.53
10253592,13.06,-11.73,13.61
10257384,13.14,-11.92,13.77
10261184,13.49,-11.92,13.42
10264984,13.06,-11.77,13.38
10268780,13.14,-12.00,13.30
10272572,13.06,-12.24,13.69
10276356,13.06,-11.89,12.94
10280144,12.87,-11.61,13.45
10283960,13.22,-11.61,13.45
10287760,13.14,-11.45,13.38
10291572,13.22,-11.77,13.49
10295372,13.14,-11.41,13.45
10299172,13.53,-11.65,13.26
10302984,13.18,-11.92,13.38
10306776,13.30,-11.61,13.30
10310572,13.26,-11.69,13.22
10314368,13.22,-11.96,13.49
10318172,13.42,-12.04,13.30
10321972,13.06,-11.81,13.30
10325764,13.10,-12.12,13.22
10329564,13.14,-12.32,13.57
10333364,13.14,-11.96,13.06
10337156,13.34,-11.69,13.38
10340960,13.26,-11.81,13.38
10344764,13.14,-11.89,13.26
10348572,13.26,-11.65,13.57
10352364,13.22,-11.81,13.53
10356160,13.06,-11.69,13.22
10359972,13.14,-11.49,13.38
10363780,12.91,-11.34,13.38
10367600,13.14,-11.92,13.57
10371400,13.26,-12.04,13.45
10375196,13.38,-11.92,13.45
10378996,13.61,-12.28,13.42
10382800,14.00,-5.49,15.46
10386536,14.40,-10.98,9.96
10390276,11.53,-13.45,15.02
10394076,13.38,-11.41,12.87
10397888,13.73,-12.04,13.69
10401680,13.34,-11.53,13.73
10405480,13.30,-11.34,13.45
10409284,13.34,-11.81,13.10
10413096,13.06,-11.81,13.02
10416884,12.71,-11.30,13.02
10420680,12.98,-12.32,13.02
10424488,12.98,-12.16,13.38
10428288,13.06,-11.89,13.53
10432092,13.06,-11.69,12.79
10435884,13.06,-12.20,13.53
10439692,13.30,-11.89,13.61
10443484,13.14,-12.40,13.69
10447284,13.30,-12.20,14.04
10451092,13.34,-12.08,13.69
10454880,13.26,-11.96,13.96
10458692,13.30,-11.85,13.69
10462480,13.34,-11.65,13.69
10466288,13.42,-11.57,13.34
10470104,13.22,-11.65,13.10
10473900,13.38,-11.26,12.87
10477724,13.45,-11.81,13.34
10481532,13.18,-11.96,13.53
10485332,13.22,-12.12,13.06
10489140,13.10,-12.12,13.57
10492948,13.34,-11.81,12.98
10496744,13.10,-11.73,13.30
10500528,13.06,-12.12,13.14
10504328,13.22,-11.89,13.10
10508128,13.14,-11.89,13.18
10511940,12.98,-11.14,13.38
10515736,13.34,-11.69,13.49
10519544,12.98,-12.16,13.34
10523340,12.98,-12.28,13.42
10527136,13.14,-11.89,13.73
10530952,12.98,-11.49,14.28
10534748,13.02,-11.73,13.30
10538540,13.06,-11.49,13.22
10542332,13.14,-11.65,13.26
10546136,13.06,-10.94,13.22
10549940,13.02,-11.73,13.45
10553740,13.10,-11.61,12.91
10557544,13.53,-11.57,13.30
10561332,13.53,-11.89,13.38
10565140,13.26,-11.89,13.45
10568944,13.49,-11.92,13.22
10572744,13.10,-12.12,13.26
10576556,13.14,-12.04,13.34
10580352,13.22,-12.20,13.30
10584144,13.30,-11.85,13.26
10587944,13.22,-12.24,13.49
10591756,13.22,-11.96,13.69
10595548,13.10,-11.96,13.49
10599340,13.10,-11.92,13.61
10603140,13.18,-11.81,13.45
10606944,13.02,-11.92,13.61
10610744,13.26,-12.36,13.73
10614552,12.98,-11.81,13.49
10618348,13.18,-11.22,13.49
10622156,13.22,-11.57,13.53
10625976,13.14,-11.85,13.73
10629768,13.22,-12.00,13.30
10633552,13.22,-11.89,13.45
10637356,13.26,-11.57,13.26
10641160,13.18,-11.65,13.38
10644964,13.02,-11.49,13.49
10648764,12.98,-12.04,13.02
10652560,13.10,-11.65,13.22
10656356,12.94,-12.08,13.02
10660136,13.10,-11.92,13.06
10663924,13.18,-12.40,13.06
10667716,13.18,-11.92,13.30
10671504,12.94,-11.57,13.14
10675296,13.26,-11.26,12.98
10679104,13.42,-11.49,13.06
10682904,13.34,-11.73,13.53
10686712,13.34,-11.61,13.42
10690524,13.22,-11.22,13.18
10694320,13.26,-11.38,13.34
10698124,13.06,-11.30,13.42
10701920,13.18,-11.89,13.53
10705724,13.06,-11.89,13.45
10709520,13.18,-11.92,13.18
10713316,13.34,-11.69,13.30
10717116,12.94,-12.16,13.57
10720920,13.14,-11.96,13.69
10724724,13.18,-12.20,13.61
10728520,13.22,-11.85,13.77
10732316,13.34,-11.96,13.93
10736128,13.22,-11.81,13.93
10739948,13.34,-12.04,13.65
10743744,13.42,-12.04,13.53
10747552,13.34,-12.04,13.45
10751352,13.38,-12.08,13.45
10755152,13.22,-12.16,13.30
10758952,13.26,-12.20,13.26
10762752,13.18,-12.36,13.14
10766552,13.14,-11.96,13.69
10770352,13.26,-11.92,13.22
10774160,13.26,-11.89,13.10
10777960,13.10,-11.81,13.10
10781756,12.98,-11.92,13.02
10785548,12.98,-11.81,13.02
10789344,13.14,-11.61,13.10
10793152,13.26,-11.77,13.02
10796952,13.02,-11.69,13.14
10800752,13.06,-11.92,13.10
10804544,13.02,-11.77,13.57
10808340,13.18,-12.16,13.49
10812148,13.26,-12.04,13.53
10815952,13.30,-11.96,13.61
10819756,13.38,-11.85,13.81
10823560,13.26,-11.73,13.85
10827360,13.26,-11.89,13.45
10831168,12.94,-12.04,13.45
10834964,13.18,-11.73,13.57
10838764,13.26,-11.89,13.57
10842560,13.34,-11.89,13.38
10846360,13.26,-11.73,13.18
10850164,12.98,-11.89,13.42
10853976,13.02,-11.45,13.38
10857776,13.10,-11.65,13.34
10861572,13.10,-11.85,13.26
10865360,13.18,-11.89,13.38
10869156,13.53,-11.81,13.02
10872956,13.22,-11.81,13.10
10876760,13.10,-11.92,13.14
10880548,13.06,-11.96,13.53
10884344,13.06,-11.61,13.26
10888148,13.26,-11.34,13.26
10891960,13.10,-11.26,13.10
10895752,13.34,-11.10,13.02
10899540,13.34,-11.45,13.14
10903336,13.22,-11.65,13.26
10907148,13.45,-11.73,13.06
10910956,13.22,-11.49,13.18
10914752,13.06,-11.77,13.06
10918548,12.98,-11.96,13.57
10922348,13.06,-11.53,13.73
10926148,13.30,-11.85,13.53
10929952,13.30,-11.85,13.57
10933760,13.22,-11.41,13.61
10937556,13.14,-11.57,13.93
10941356,13.22,-11.81,13.96
10945164,13.26,-12.12,13.69
10948976,13.22,-12.20,13.61
10952772,13.22,-12.24,13.61
10956568,13.38,-12.32,13.73
10960384,13.45,-12.59,13.93
10964184,13.45,-12.63,13.34
10967996,13.45,-12.04,13.57
10971792,13.14,-11.61,13.57
10975600,13.34,-11.77,13.65
10979404,13.38,-11.85,13.57
10983212,13.26,-11.85,13.65
10987024,13.38,-11.89,13.65
10990828,13.38,-11.81,13.57
10994640,13.22,-12.04,13.57
10998444,13.30,-12.04,13.49
11002236,13.14,-12.12,13.02
11006048,12.91,-11.96,13.30
11009844,13.02,-11.96,13.22
11013640,13.14,-12.08,13.26
11017428,13.18,-11.81,13.02
11021236,13.02,-11.61,14.08
11025032,12.79,-11.38,13.02
11028844,12.94,-11.30,12.71
11032644,13.18,-11.41,12.87
11036452,13.14,-11.34,12.94
11040268,13.10,-11.77,13.22
11044076,13.14,-11.34,13.02
11047876,12.87,-12.20,13.34
11051684,12.94,-12.12,13.45
11055480,13.14,-12.40,13.06
11059264,13.14,-12.28,14.32
11063072,13.30,-11.89,13.26
11066872,13.14,-11.57,13.42
11070680,13.18,-11.73,13.42
11074500,13.22,-11.57,13.38
11078300,13.18,-11.96,13.73
11082104,13.14,-11.73,13.34
11085912,13.26,-11.92,13.65
11089708,13.18,-11.89,13.49
11093516,13.14,-12.12,13.57
11097316,13.30,-12.08,14.63
11101120,13.18,-12.28,13.77
11104920,13.45,-12.24,13.89
11108728,13.30,-12.12,13.81
11112528,13.42,-11.96,14.00
11116320,13.45,-12.28,13.85
11120120,13.34,-12.04,13.73
11123932,13.34,-12.04,13.49
11127736,13.49,-11.92,13.69
11131536,13.34,-11.77,13.65
11135344,13.34,-11.34,13.30
11139144,13.26,-11.45,13.14
11142948,13.10,-11.45,13.22
11146752,13.34,-11.89,12.91
11150552,13.30,-11.57,13.10
11154348,13.14,-11.81,13.22
11158160,13.26,-11.69,13.34
11161972,13.18,-11.61,12.83
11165768,13.02,-11.65,12.83
11169564,13.10,-11.81,13.22
11173364,13.14,-11.53,12.94
11177168,13.10,-11.61,13.18
11180956,12.91,-11.41,13.06
11184764,13.10,-11.81,13.10
11188560,12.98,-11.41,13.38
11192368,13.10,-11.61,13.22
11196172,13.10,-11.81,14.04
11199960,13.02,-11.77,13.38
11203764,13.18,-11.49,13.61
11207564,12.94,-11.92,13.69
11211364,13.18,-11.73,13.53
11215164,13.30,-12.08,13.89
11218956,13.18,-12.04,13.77
11222756,12.91,-12.08,13.53
11226544,13.18,-12.28,13.69
11230360,13.22,-12.16,13.69
11234164,13.30,-12.36,14.08
11237956,13.53,-11.77,13.45
11241756,13.49,-11.65,13.77
11245552,13.34,-11.61,13.61
11249360,13.30,-11.65,13.57
11253148,13.38,-11.45,13.53
11256948,13.61,-11.38,13.42
11260748,13.34,-11.49,13.38
11264544,13.30,-11.73,13.38
11268332,13.30,-11.38,13.10
11272132,13.30,-11.41,13.81
11275932,13.18,-11.30,13.30
11279724,13.14,-11.61,13.34
11283532,12.94,-11.69,13.42
11287332,13.10,-11.73,13.53
11291128,13.18,-11.85,13.42
11294936,13.06,-11.81,13.18
11298744,13.14,-12.00,13.42
11302536,13.02,-11.77,13.30
11306320,13.06,-12.20,13.34
11310124,12.94,-12.08,13.26
11313924,12.94,-12.04,13.49
11317724,13.18,-12.32,13.14
11321532,13.10,-12.00,13.10
11325300,12.94,-12.12,13.14
11329108,13.14,-12.32,13.38
11332920,13.02,-12.24,13.73
11336716,13.02,-11.96,13.42
11340516,12.91,-11.77,13.57
11344328,13.10,-12.04,13.57
11348128,13.22,-11.30,13.45
11351936,13.14,-11.53,13.65
11355740,13.65,-11.61,13.26
11359548,13.42,-11.26,13.57
11363368,13.42,-11.45,13.53
11367172,13.42,-11.45,13.57
11370972,13.42,-11.69,13.53
11374784,13.26,-11.73,13.42
11378596,13.30,-11.77,13.61
11382404,13.30,-11.96,13.57
11386200,13.22,-11.61,13.77
11390008,13.26,-11.57,13.69
11393816,13.38,-11.69,13.53
11397632,13.10,-11.77,13.57
11401424,13.10,-12.24,13.53
11405220,13.18,-12.12,13.14
11409028,12.98,-12.00,13.42
11412836,12.83,-12.04,13.42
11416648,13.10,-12.12,13.02
11420444,13.06,-11.92,12.91
11424252,12.98,-11.89,12.87
11428056,13.02,-12.04,13.69
11431844,13.14,-11.77,13.06
11435656,13.10,-11.77,13.02
11439448,13.14,-11.96,13.02
11443252,13.02,-11.49,13.30
11447040,13.10,-11.69,13.34
11450844,13.14,-11.53,13.22
11454648,12.91,-11.73,13.30
11458452,13.22,-11.85,13.30
11462248,13.10,-12.20,13.53
11466052,13.14,-11.89,13.42
11469864,13.45,-12.12,13.26
11473668,13.57,-12.24,13.26
11477468,13.22,-11.92,13.45
11481268,13.38,-12.16,13.57
11485076,13.30,-11.85,14.04
11488880,13.30,-12.00,13.73
11492664,13.42,-11.92,13.77
11496476,13.30,-11.57,13.89
11500268,13.30,-11.53,13.89
11504072,13.30,-11.81,13.85
11507884,13.26,-11.65,13.53
11511684,13.06,-11.77,13.65
11515484,13.26,-11.77,13.61
11519284,13.22,-11.81,13.57
11523100,13.14,-11.85,13.42
11526912,13.22,-12.04,13.57
11530700,13.53,-11.81,13.18
11534508,13.34,-11.53,13.06
11538300,13.18,-11.92,13.14
11542096,13.18,-11.81,12.91
11545916,13.22,-11.65,13.02
11549720,13.02,-12.00,13.02
11553512,13.30,-11.92,13.02
11557304,13.22,-11.89,13.18
11561116,13.22,-11.77,12.87
11564928,13.18,-11.45,13.30
11568732,13.10,-11.41,13.30
11572516,13.18,-11.73,13.45
11576320,13.06,-11.65,13.30
11580120,13.26,-11.38,13.26
11583928,13.18,-11.49,14.36
11587724,13.26,-11.77,13.42
11591528,13.18,-11.81,13.53
11595344,13.14,-11.96,13.42
11599144,13.10,-12.04,13.73
11602928,13.18,-11.73,13.61
11606736,13.18,-11.92,13.57
11610532,13.18,-11.96,13.61
11614344,13.10,-11.96,13.65
11618140,13.22,-11.65,13.65
11621948,13.38,-11.77,14.00
11625736,13.38,-12.04,13.61
11629528,13.10,-12.16,13.57
11633320,13.06,-12.08,13.49
11637112,13.38,-12.43,13.34
11640924,13.30,-12.08,14.04
11644712,13.38,-11.81,13.38
11648516,13.26,-12.12,13.30
11652304,13.26,-11.81,13.38
11656112,13.26,-11.61,13.38
11659920,13.34,-11.65,13.61
11663728,13.30,-11.73,13.14
11667520,13.38,-11.49,13.26
11671320,13.02,-11.34,13.02
11675116,13.10,-11.49,13.14
11678924,12.98,-11.41,13.06
11682712,13.06,-11.53,13.77
11686520,13.06,-11.61,13.02
11690308,12.87,-12.12,13.26
11694124,12.94,-11.77,13.34
11697924,13.06,-12.36,13.22
11701720,13.02,-11.85,13.57
11705520,12.87,-12.20,13.42
11709312,13.14,-11.89,13.26
11713128,13.10,-12.08,13.26
11716924,13.14,-12.08,13.57
11720724,13.18,-11.81,13.22
11724536,13.14,-11.77,13.38
11728348,13.26,-11.61,13.49
11732148,13.18,-11.92,13.53
11735956,13.26,-12.20,13.65
11739760,13.30,-11.65,13.69
11743564,13.45,-11.81,13.26
11747372,13.10,-11.57,13.34
11751168,13.30,-11.77,13.53
11754968,13.18,-11.85,13.18
11758772,13.18,-11.26,13.45
11762580,13.42,-11.26,13.26
11766400,13.22,-11.45,13.49
11770208,13.38,-11.57,13.14
11774012,13.14,-11.41,13.38
11777820,13.14,-11.65,13.77
11781640,13.30,-11.77,13.18
11785440,13.30,-11.49,13.22
11789236,12.87,-11.85,13.14
11793044,12.94,-11.92,13.49
11796844,13.10,-11.89,13.81
11800652,12.98,-11.65,13.61
11804460,13.14,-11.85,13.42
11808264,12.91,-12.43,13.38
11812072,13.02,-11.89,13.22
11815880,13.06,-11.89,13.69
11819680,13.06,-12.28,13.81
11823480,12.94,-12.12,13.14
11827276,13.26,-12.08,13.02
11831064,13.30,-11.96,13.22
11834880,12.94,-11.81,12.98
11838680,13.18,-11.69,13.30
11842492,13.34,-11.85,13.18
11846288,13.30,-11.45,13.42
11850088,13.26,-11.49,13.53
11853896,13.22,-11.38,13.38
11857696,13.38,-11.49,13.10
11861500,12.83,-11.30,13.30
11865292,13.38,-11.57,13.26
11869104,13.30,-11.22,13.69
11872908,13.34,-11.57,13.45
11876720,13.26,-11.61,13.34
11880528,13.22,-11.96,13.30
11884312,13.30,-11.53,13.49
11888108,13.18,-12.08,13.30
11891916,13.14,-12.16,13.61
11895732,13.14,-12.28,13.69
11899536,13.53,-12.04,13.34
11903340,12.91,-11.57,13.30
11907140,13.10,-12.20,13.34
11910932,13.14,-11.96,13.14
11914732,13.14,-12.04,13.10
11918524,13.06,-11.73,13.38
11922316,13.26,-11.73,13.34
11926120,13.22,-11.89,13.49
11929928,13.14,-11.96,13.49
11933740,13.22,-11.85,13.49
11937540,13.18,-11.73,13.18
11941340,13.45,-11.49,13.42
11945152,13.30,-11.34,13.34
11948948,13.26,-11.89,13.53
11952756,13.26,-11.73,13.53
11956556,13.65,-11.61,13.06
11960360,13.30,-11.65,13.02
11964148,13.34,-11.81,13.02
11967944,13.34,-11.96,13.42
11971752,13.26,-11.65,13.96
11975556,13.14,-11.49,13.45
11979364,13.30,-11.57,13.65
11983168,13.14,-11.69,13.61
11986968,13.26,-11.81,13.89
11990764,13.30,-11.92,13.81
11994560,13.30,-12.12,13.85
11998368,13.22,-11.92,13.53
12002164,13.14,-12.32,13.65
12005972,13.22,-12.08,13.65
12009768,13.18,-12.08,13.93
12013564,13.06,-11.96,13.93
12017380,12.94,-11.89,13.02
12021172,12.63,-11.77,13.02
12024972,13.18,-11.73,13.14
12028776,13.26,-11.85,13.06
12032572,13.18,-11.69,13.02
12036368,12.87,-11.81,13.14
12040168,13.06,-11.69,13.10
12043964,13.02,-11.89,13.10
12047756,13.10,-11.57,12.91
12051552,13.14,-11.77,13.77
12055360,13.26,-11.53,13.18
12059160,13.10,-11.61,13.38
12062960,13.22,-11.77,13.30
12066756,13.22,-11.85,13.53
12070564,13.22,-12.04,13.26
12074360,13.02,-12.12,13.42
12078168,13.30,-11.77,13.49
12081968,13.18,-11.96,13.49
12085760,13.22,-12.24,13.57
12089556,13.22,-11.73,14.12
12093372,13.53,-11.96,13.34
12097164,13.22,-12.08,13.45
12100968,13.22,-12.16,13.38
12104784,13.22,-11.89,13.69
12108588,13.18,-11.85,13.14
12112396,13.10,-11.85,13.22
12116196,13.02,-12.04,13.14
12120004,13.18,-11.85,13.53
12123800,13.18,-11.85,13.34
12127612,13.18,-11.81,13.65
12131408,13.22,-11.77,13.42
12135216,13.30,-12.00,13.45
12139016,13.34,-12.04,13.45
12142812,13.18,-11.92,13.49
12146624,13.18,-12.20,13.38
12150420,13.42,-12.12,13.14
12154232,13.06,-11.81,13.10
12158032,13.14,-11.81,13.14
12161848,13.22,-12.24,13.49
12165640,13.22,-11.73,13.14
12169444,13.18,-12.08,13.14
12173244,13.18,-11.30,13.22
12177044,13.18,-11.85,13.34
12180860,13.18,-11.73,13.38
12184676,13.02,-11.65,13.45
12188472,13.06,-11.61,13.85
12192264,13.14,-11.57,13.38
12196064,13.10,-11.65,13.53
12199880,13.06,-11.57,13.53
12203676,13.02,-11.61,13.38
12207480,13.02,-11.73,13.26
12211264,13.02,-11.92,13.38
12215068,13.14,-11.73,13.53
12218888,13.10,-11.57,13.45
12222676,13.02,-11.89,13.34
12226476,13.02,-12.08,13.34
12230268,12.75,-12.20,13.34
12234072,13.14,-12.12,13.34
12237884,13.22,-12.32,13.22
12241696,13.22,-12.20,13.38
12245500,13.18,-12.36,13.93
12249316,13.65,-11.73,13.53
12253120,13.22,-11.89,13.69
12256920,13.30,-11.61,13.69
12260728,13.26,-11.57,13.65
12264528,13.34,-11.61,14.40
12268324,13.53,-12.00,13.42
12272120,13.22,-11.49,13.38
12275920,13.26,-11.77,13.53
12279732,13.18,-11.81,13.02
12283532,13.14,-11.92,14.08
12287336,13.10,-11.61,13.18
12291144,13.22,-11.77,13.34
12294948,13.22,-12.12,13.42
12298764,13.26,-11.96,13.30
12302564,13.18,-11.77,13.53
12306368,13.06,-11.96,13.45
12310156,13.06,-11.41,13.18
12313960,13.18,-11.92,13.30
12317764,13.26,-11.14,13.34
12321572,13.06,-11.34,13.61
12325380,13.30,-11.57,13.06
12329180,13.18,-11.57,12.98
12332988,12.94,-12.08,13.38
12336784,13.18,-12.00,13.18
12340592,13.02,-11.69,13.85
12344388,13.02,-11.96,13.02
12348180,12.91,-12.00,12.94
12351968,12.94,-11.89,13.06
12355772,12.91,-11.81,13.61
12359580,12.91,-12.12,13.30
12363380,13.34,-12.04,13.49
12367176,12.98,-12.12,13.61
12370996,13.22,-12.04,13.65
12374788,13.22,-11.57,13.93
12378600,13.18,-11.81,13.77
12382412,13.26,-11.65,13.93
12386212,13.30,-11.96,13.69
12390020,13.30,-11.45,13.85
12393816,13.26,-11.69,13.69
12397628,13.30,-12.00,13.61
12401412,13.22,-12.24,13.53
12405208,13.06,-12.20,13.42
12409020,13.22,-12.24,13.14
12412840,13.18,-12.47,13.42
12416652,13.10,-12.16,13.10
12420452,13.18,-11.92,13.77
12424248,13.10,-12.16,13.22
12428056,13.22,-12.00,13.22
12431860,13.14,-11.65,13.38
12435664,13.10,-11.69,13.22
12439468,13.06,-11.65,13.42
12443260,12.98,-11.77,13.42
12447064,12.98,-11.49,13.49
12450872,13.10,-11.53,13.42
12454668,13.22,-11.92,13.18
12458468,13.34,-12.12,13.49
12462268,13.18,-12.08,13.30
12466060,12.98,-11.73,13.18
12469880,13.10,-11.96,13.18
12473668,13.18,-12.04,13.30
12477464,13.10,-11.81,12.98
12481248,13.30,-11.65,13.42
12485040,13.26,-11.81,13.42
12488864,13.14,-11.69,13.34
12492676,13.18,-11.45,13.45
12496476,13.26,-11.92,13.85
12500272,13.22,-11.85,13.57
12504072,13.26,-11.41,13.57
12507884,13.34,-11.38,13.38
12511680,13.26,-11.69,13.65
12515488,13.14,-11.77,13.57
12519284,13.49,-11.73,13.45
12523084,13.34,-12.12,13.53
12526896,13.18,-12.51,13.22
12530708,13.18,-12.04,13.45
12534496,13.22,-12.40,13.53
12538296,13.38,-12.40,13.14
12542104,13.10,-12.40,13.14
12545896,12.91,-12.47,13.22
12549704,13.14,-12.24,12.98
12553500,13.06,-11.96,13.42
12557296,13.22,-12.08,13.22
12561096,13.06,-11.92,12.98
12564892,13.06,-11.81,13.34
12568684,13.06,-11.77,13.53
12572480,13.02,-11.81,13.34
12576272,13.18,-11.85,13.06
12580064,13.30,-12.16,13.61
12583876,13.30,-11.85,13.57
12587680,13.26,-11.96,13.81
12591480,13.30,-11.89,13.81
12595264,13.26,-11.77,13.26
12599060,13.18,-11.73,13.49
12602876,13.18,-11.77,13.57
12606684,13.26,-11.69,13.61
12610496,13.22,-11.65,13.38
12614296,13.26,-11.61,14.24
12618108,13.02,-11.61,13.49
12621904,13.26,-11.49,13.14
12625704,13.18,-11.77,13.14
12629512,13.14,-12.04,13.57
12633312,13.06,-11.92,12.91
12637120,13.42,-11.89,13.30
12640924,13.10,-12.08,13.34
12644716,12.98,-12.12,13.38
12648516,13.02,-12.04,13.34
12652312,13.10,-11.96,13.14
12656108,13.18,-12.04,13.49
12659912,13.30,-12.08,13.26
12663700,13.18,-12.04,13.45
12667508,13.06,-11.96,13.69
12671292,13.14,-11.77,13.22
12675116,13.30,-11.53,13.30
12678904,13.10,-11.65,13.22
12682696,13.14,-11.81,13.38
12686508,13.22,-11.45,13.49
12690304,13.14,-11.53,13.45
12694100,13.34,-12.08,13.34
12697896,13.06,-11.73,13.22
12701692,13.14,-12.00,13.42
12705496,13.22,-11.89,13.57
12709296,13.18,-11.89,13.53
12713100,13.22,-11.92,13.65
12716908,13.26,-11.73,13.49
12720704,12.83,-11.92,13.53
12724500,13.14,-12.12,13.57
12728296,13.10,-11.85,13.30
12732088,13.10,-12.40,13.73
12735880,13.49,-11.96,13.45
12739680,13.49,-11.92,13.45
12743488,13.18,-12.16,13.73
12747292,13.10,-11.92,13.61
12751096,13.14,-11.89,13.89
12754892,13.22,-11.69,13.61
12758696,13.14,-11.73,13.65
12762496,13.18,-11.69,13.61
12766292,13.18,-11.61,13.89
12770092,13.22,-11.85,13.34
12773896,13.18,-11.26,13.30
12777692,13.18,-11.65,13.22
12781500,13.22,-11.73,13.26
12785304,12.98,-11.69,13.38
12789112,12.98,-11.14,13.73
12792908,13.10,-11.38,12.94
12796708,12.91,-11.30,12.94
12800512,13.14,-11.77,13.02
12804308,13.14,-11.45,13.34
12808116,12.98,-11.85,13.10
12811908,12.98,-11.73,13.06
12815692,12.94,-11.81,13.02
12819496,12.94,-12.32,12.98
12823300,12.91,-12.28,12.98
12827108,12.94,-12.12,13.14
12830908,12.94,-12.47,13.18
12834708,13.06,-12.04,13.14
12838516,12.94,-12.32,13.34
12842328,12.94,-11.77,13.30
12846132,12.87,-12.12,13.49
12849936,12.91,-12.28,13.18
12853740,13.10,-11.92,13.49
12857544,12.98,-12.16,13.38
12861356,13.06,-12.04,13.45
12865156,13.14,-12.16,13.22
12868968,13.06,-12.28,14.04
12872760,13.30,-12.28,13.65
12876572,13.14,-11.96,13.42
12880388,13.26,-11.57,13.57
12884184,13.26,-11.92,13.57
12888004,13.26,-11.73,13.53
12891800,13.22,-11.65,13.45
12895616,13.26,-11.77,13.61
12899420,13.18,-11.96,13.49
12903220,13.14,-11.73,13.30
12907024,13.22,-11.96,13.42
12910836,13.42,-12.04,13.57
12914632,13.18,-12.16,13.42
12918440,13.02,-11.73,13.18
12922240,12.91,-12.32,13.45
12926056,12.98,-12.08,14.12
12929864,12.98,-11.92,13.34
12933660,12.83,-12.12,13.18
12937456,12.91,-12.20,13.14
12941252,13.02,-11.85,13.10
12945048,13.02,-11.85,13.42
12948856,13.06,-11.96,13.22
12952652,13.06,-11.89,13.18
12956456,12.91,-11.69,13.26
12960264,13.10,-12.04,13.22
12964056,13.18,-12.20,13.85
12967864,13.22,-12.00,13.61
12971656,13.06,-11.81,13.49
12975452,13.14,-11.69,13.53
12979252,13.26,-11.92,13.77
12983056,13.22,-11.81,13.26
12986872,13.26,-11.77,13.30
12990664,13.22,-11.73,13.26
12994480,13.30,-12.00,13.22
12998268,13.18,-12.12,13.18
13002072,13.06,-12.12,13.57
13005872,13.22,-11.85,13.10
13009676,13.30,-12.04,13.06
13013468,13.18,-12.08,13.10
13017260,12.98,-11.92,13.14
13021056,13.02,-11.73,13.57
13024864,12.98,-11.96,13.45
13028660,12.94,-11.85,13.45
13032464,13.14,-11.81,13.38
13036264,13.18,-12.08,13.69
13040052,13.10,-11.96,13.30
13043860,12.94,-11.89,13.22
13047668,12.94,-11.92,13.42
13051468,13.14,-11.81,13.30
13055280,13.10,-11.65,13.73
13059088,13.06,-11.81,13.42
13062880,13.14,-11.77,13.61
13066680,13.10,-11.81,13.34
13070488,13.10,-12.00,13.30
13074272,13.02,-11.89,13.22
13078060,13.10,-11.85,13.34
13081868,12.98,-12.16,13.89
13085656,13.26,-11.77,13.34
13089468,13.10,-11.77,13.30
13093260,13.14,-12.08,13.26
13097060,13.18,-11.89,13.38
13100860,13.02,-11.89,14.04
13104640,13.42,-12.04,13.34
13108444,13.10,-12.04,13.30
13112220,13.14,-12.20,13.45
13116028,12.94,-12.16,13.26
13119840,12.94,-12.20,13.81
13123636,13.10,-11.96,13.42
13127444,12.94,-12.24,13.26
13131244,12.94,-12.32,13.53
13135052,13.02,-12.43,13.57
13138856,12.91,-12.00,13.65
13142660,12.98,-12.12,13.45
13146464,13.06,-12.24,13.30
13150252,13.10,-12.00,13.26
13154036,13.14,-11.69,13.61
13157836,13.02,-11.89,13.61
13161636,13.06,-11.85,13.38
13165432,13.14,-11.81,13.38
13169232,13.14,-11.81,13.30
13173028,13.18,-11.61,13.34
13176832,13.10,-11.85,13.30
13180632,13.18,-11.81,12.79
13184436,13.42,-11.73,13.10
13188236,13.18,-11.61,13.18
13192040,13.06,-11.65,13.26
13195836,13.14,-11.53,13.42
13199640,13.06,-11.57,13.53
13203440,13.02,-11.73,13.45
13207240,13.02,-11.85,13.53
13211036,13.06,-11.85,13.45
13214840,13.10,-11.85,13.53
13218632,13.22,-11.69,14.12
13222440,13.22,-11.89,13.22
13226236,13.06,-11.57,13.42
13230044,13.06,-11.53,13.34
13233844,13.14,-12.00,13.73
13237632,13.14,-11.73,14.16
13241436,13.30,-11.65,13.42
13245228,13.10,-11.85,13.26
13249028,13.02,-11.81,13.30
13252832,12.98,-11.45,13.73
13256640,13.02,-11.73,13.49
13260432,13.02,-11.73,13.26
13264240,13.10,-11.85,13.02
13268044,13.18,-12.08,13.02
13271836,13.06,-12.16,13.26
13275640,12.98,-12.04,13.45
13279436,13.06,-12.08,13.30
13283216,12.98,-11.81,13.14
13287016,13.22,-11.73,13.26
13290820,13.02,-11.85,13.49
13294616,13.10,-11.45,13.34
13298420,13.18,-12.24,12.75
13302224,12.83,-11.65,13.38
13306028,13.26,-11.49,13.53
13309836,13.18,-11.81,13.45
13313652,13.18,-11.77,13.34
13317444,13.06,-11.81,12.94
13321236,13.06,-11.57,13.61
13325032,13.06,-11.81,13.61
13328836,13.18,-11.92,13.42
13332640,13.06,-11.85,13.57
13336436,13.18,-12.00,13.53
13340224,13.30,-11.85,13.38
13344024,13.14,-11.53,13.49
13347824,13.10,-11.57,13.38
13351624,13.06,-11.41,13.57
13355432,13.10,-11.38,13.89
13359224,12.98,-11.49,13.14
13363020,12.98,-11.65,13.22
13366828,12.98,-11.81,13.34
13370632,13.02,-11.65,12.98
13374432,13.02,-12.12,13.65
13378224,12.98,-12.00,13.10
13382008,12.98,-12.12,13.18
13385812,12.94,-12.12,13.06
13389596,13.06,-11.92,13.26
13393404,13.06,-12.20,13.18
13397192,13.02,-12.12,13.77
13400992,12.94,-11.69,13.49
13404796,13.02,-11.81,13.22
13408600,13.18,-11.69,13.49
13412404,13.18,-11.89,13.53
13416196,13.06,-11.85,13.65
13420000,13.02,-11.77,13.45
13423796,13.14,-11.53,13.49
13427608,13.18,-11.92,13.45
13431412,13.06,-11.69,13.10
13435200,13.14,-11.85,14.24
13439020,12.79,-11.96,13.42
13442828,13.34,-12.00,13.61
13446616,13.18,-12.08,13.49
13450412,13.10,-11.73,13.69
13454200,13.14,-11.85,13.30
13458004,13.42,-11.89,13.42
13461812,13.06,-12.12,13.49
13465608,13.18,-12.16,13.57
13469408,13.18,-11.85,13.69
13473204,13.14,-11.89,13.14
13477008,12.87,-11.96,13.30
13480808,13.06,-12.16,13.34
13484604,12.98,-11.92,13.02
13488396,13.06,-12.08,13.38
13492176,12.91,-12.24,13.53
13495976,13.14,-11.96,13.06
13499768,13.02,-11.92,13.22
13503572,12.94,-11.65,13.10
13507368,12.94,-11.69,13.22
13511180,12.91,-11.30,13.18
13514992,12.94,-11.45,12.63
13518800,13.02,-11.18,13.42
13522600,12.91,-11.61,13.42
13526408,13.14,-11.81,13.45
13530208,13.14,-11.81,13.30
13534004,13.18,-11.73,13.06
13537812,13.10,-11.57,13.30
13541600,13.06,-12.00,13.49
13545396,13.22,-12.04,13.57
13549196,13.18,-12.16,13.61
13553008,13.34,-12.36,13.65
13556816,13.26,-12.16,13.69
13560616,13.34,-11.73,13.53
13564424,13.14,-11.77,13.49
13568220,13.18,-12.08,13.53
13572012,13.14,-11.96,14.51
13575820,13.30,-12.08,13.49
13579608,13.18,-11.65,13.22
13583416,13.18,-11.53,13.38
13587220,13.10,-11.30,13.69
13591012,12.98,-11.53,14.12
13594828,13.26,-11.85,13.34
13598636,13.10,-11.77,13.22
13602444,13.02,-11.89,13.22
13606244,13.02,-12.04,12.98
13610032,12.91,-11.77,13.49
13613836,12.79,-11.77,13.18
13617632,13.14,-11.45,12.94
13621440,12.83,-11.65,13.02
13625236,13.10,-11.65,12.98
13629044,13.02,-11.81,13.61
13632844,12.98,-12.08,13.61
13636652,12.91,-11.69,13.30
13640452,13.02,-11.61,13.34
13644260,12.98,-11.77,13.45
13648060,13.10,-11.73,13.69
13651852,13.10,-11.85,12.98
13655644,13.06,-12.08,13.49
13659432,13.02,-11.77,13.61
13663228,13.18,-11.85,13.73
13667044,13.10,-11.96,13.57
13670840,13.18,-12.20,13.42
13674640,13.22,-11.92,13.49
13678444,13.10,-11.85,13.73
13682228,13.34,-11.85,13.53
13686036,13.14,-11.85,13.38
13689844,13.06,-11.65,13.45
13693644,13.34,-11.81,13.93
13697456,13.45,-12.08,13.85
13701252,13.22,-11.81,13.77
13705056,13.22,-12.04,13.45
13708860,13.18,-11.81,13.77
13712660,13.34,-11.89,13.26
13716460,13.10,-12.00,13.18
13720252,13.06,-12.04,13.18
13724044,13.06,-11.92,13.26
13727844,12.94,-12.08,13.06
13731632,12.98,-11.61,12.98
13735440,13.02,-11.69,12.94
13739220,12.87,-11.69,12.83
13743028,12.98,-11.41,13.10
13746828,12.98,-11.73,13.73
13750640,12.94,-11.69,12.98
13754436,13.02,-11.65,13.02
13758216,13.06,-11.69,13.06
13761996,13.02,-11.57,13.30
13765800,13.06,-11.73,13.57
13769588,13.18,-11.61,13.34
13773396,13.22,-11.89,13.53
13777192,13.18,-11.77,13.85
13781008,13.22,-11.26,13.96
13784816,13.18,-11.49,14.04
13788600,13.18,-11.34,13.61
13792408,13.10,-11.53,13.85
13796196,13.18,-11.41,13.73
13799996,13.14,-11.41,13.53
13803808,13.02,-11.61,13.34
13807604,13.06,-11.85,13.89
13811416,12.71,-12.04,13.10
13815204,12.91,-12.16,13.14
13819020,12.94,-12.32,13.06
13822824,12.91,-12.36,13.45
13826640,12.94,-12.40,13.26
13830440,13.06,-12.43,13.26
13834252,13.06,-12.43,13.30
13838052,13.10,-12.20,13.34
13841848,12.98,-12.36,13.89
13845656,13.18,-12.28,14.28
13849460,13.18,-11.92,13.45
13853264,13.34,-11.69,13.45
13857068,13.14,-12.00,13.65
13860860,13.10,-11.53,13.69
13864652,13.14,-11.49,13.30
13868448,13.06,-11.53,13.26
13872244,13.14,-11.38,13.34
13876052,12.94,-11.85,13.18
13879840,13.02,-11.69,13.06
13883624,13.02,-11.77,13.45
13887428,13.10,-11.81,13.14
13891220,12.94,-12.00,13.22
13895016,13.02,-12.04,13.18
13898816,13.10,-11.85,13.42
13902620,13.06,-12.00,13.53
13906408,13.34,-11.49,13.45
13910212,13.14,-11.53,13.30
13914008,12.98,-11.81,13.49
13917812,13.26,-11.45,13.49
13921604,13.14,-11.89,13.73
13925420,13.14,-12.12,14.12
13929212,13.18,-11.73,13.30
13933004,13.14,-11.96,13.38
13936816,13.30,-11.69,13.45
13940608,13.26,-11.89,13.42
13944408,13.30,-12.12,14.04
13948200,13.26,-11.65,13.61
13951996,13.10,-11.61,13.53
13955804,13.26,-11.53,13.57
13959600,13.18,-11.92,13.38
13963412,13.14,-11.96,13.10
13967200,13.02,-11.65,13.61
13970992,13.02,-11.73,13.65
13974792,13.02,-11.41,13.57
13978592,13.02,-12.16,13.65
13982400,13.18,-12.12,13.69
13986196,13.34,-11.96,13.38
13989996,12.91,-12.08,13.34
13993800,13.10,-12.16,13.26
13997588,15.42,-22.28,-4.67
14001352,-6.55,-15.38,21.18
14005104,99.56,-159.02,-74.92
14008976,-160.67,-143.37,-16.04
14012916,83.67,132.70,64.61
14016740,-155.26,6.04,12.91
14020536,88.10,160.40,108.03
14024420,125.96,-39.19,36.91
14028288,-41.46,71.47,158.08
14032128,-71.78,129.06,110.15
14036036,-11.85,28.36,-20.55
14039828,9.53,-3.45,48.76
14043512,-6.00,-38.60,71.82
14047252,3.14,-38.05,76.84
14050980,6.12,-67.16,70.33
14054720,4.82,-74.65,66.65
14058464,10.40,-78.88,70.57
14062256,16.44,-87.99,77.43
14066048,17.34,-93.95,81.32
14069840,18.59,-88.34,87.75
14073632,23.38,-84.10,88.89
14077428,28.09,-63.55,102.26
14081284,26.44,-66.69,105.95
14085148,29.66,-61.12,118.39
14089004,31.38,-38.44,118.11
14092864,44.17,-14.91,125.68
14096716,26.24,-9.10,112.15
14100516,46.60,-2.24,102.46
14104296,26.44,-0.55,92.34
14108028,20.63,-4.16,79.43
14111784,14.63,-11.14,70.22
14115576,4.63,-17.22,56.33
14119308,2.75,-18.40,35.50
14123040,-8.04,-11.30,4.82
14126720,-20.55,-16.20,-14.87
14130552,-17.30,15.22,15.69
14134340,13.61,11.69,-100.15
14138184,-7.49,110.34,-104.38
14142052,-39.31,3.33,-68.45
14145812,-23.34,34.87,-89.91
14149612,-20.48,32.83,-87.00
14153412,-15.77,35.38,-87.48
14157224,-14.20,39.46,-84.14
14161032,-13.38,31.50,-70.45
14164832,-16.04,20.79,-59.27
14168640,-11.53,14.24,-47.58
14172444,-11.06,4.98,-34.24
14176180,-9.38,-6.79,-18.12
14179896,-7.10,-15.30,-6.63
14183608,-3.49,-26.44,8.00
14187292,-0.04,-34.44,17.57
14191032,4.47,-34.99,24.32
14194764,2.71,-33.77,32.71
14198504,12.43,-30.99,36.48
14202296,14.20,-20.44,39.78
14206088,18.12,-24.09,51.90
14209876,18.20,-23.69,54.64
14213664,19.57,-23.69,55.54
14217456,15.22,-26.60,46.52
14221252,14.71,2.04,86.81
14224980,31.54,-30.75,56.33
14228784,18.59,-43.58,59.11
14232580,21.30,1.29,49.66
14236288,21.06,-41.07,54.05
14240068,17.73,-34.44,52.45
14243876,19.46,-30.09,47.97
14247664,18.55,-29.03,45.15
14251456,17.69,-25.65,42.01
14255256,15.77,-20.40,38.13
14259048,15.77,-17.50,33.07
14262844,13.02,-14.20,28.52
14266628,12.51,-15.53,23.77
14270416,9.92,-9.57,14.40
14274076,9.49,-7.41,10.28
14277748,9.41,-9.61,5.22
14281372,16.99,-23.03,2.20
14285104,19.06,8.16,5.92
14288748,7.73,-2.28,-4.75
14292384,5.65,-4.08,-0.24
14296016,8.59,-12.16,-7.49
14299708,-16.12,-0.63,-7.88
14303420,6.94,-11.96,-11.38
14307168,4.04,-12.83,-8.67
14310856,4.20,-13.96,-8.04
14314544,4.28,-14.12,-7.81
14318240,5.81,-14.28,-7.45
14321940,6.28,-13.61,-4.63
14325640,7.53,-13.38,-8.59
14329352,6.98,-14.95,-7.10
14333052,7.30,-13.49,-3.77
14336740,7.81,-13.22,-1.49
14340436,8.63,-11.96,1.37
14344120,8.43,-11.30,2.86
14347800,6.47,-19.18,0.78
14351468,12.08,-12.08,6.55
14355188,12.00,-13.06,11.57
14358968,13.81,-12.28,15.69
14362784,15.22,-16.12,22.24
14366580,17.02,-6.04,18.63
14370296,15.65,-9.06,19.02
14374036,22.59,-8.94,20.99
14377780,18.01,-2.16,22.40
14381512,14.98,-12.12,23.61
14385324,17.38,-5.53,27.18
14389064,16.99,-8.59,25.50
14392812,16.75,-13.73,25.97
14396612,18.63,-9.69,24.28
14400360,17.53,-7.88,22.48
14404104,17.61,-5.57,20.91
14407840,16.36,-4.67,19.69
14411580,15.42,-3.30,16.87
14415328,15.10,-4.47,15.73
14419068,14.59,-5.10,14.32
14422808,14.12,-6.08,12.75
14426532,13.89,-4.75,16.12
14430276,16.75,-5.02,9.96
14433944,12.36,-9.14,9.73
14437624,12.28,-9.73,7.14
14441308,12.24,-9.30,6.04
14444972,11.73,-9.38,4.90
14448644,11.34,-9.61,4.16
14452332,11.18,-9.34,4.43
14456012,10.94,-8.98,4.98
14459688,10.79,-9.14,4.82
14463364,10.98,-9.96,5.57
14467048,10.75,-10.55,5.92
14470796,10.87,-10.79,6.98
14474536,11.02,-11.81,7.85
14478280,11.14,-12.00,9.30
14482004,11.49,-13.02,10.24
14485804,11.61,-13.85,11.18
14489612,11.81,-14.16,12.75
14493416,12.00,-14.28,14.12
14497212,12.55,-13.57,15.81
14501024,11.96,-11.14,17.89
14504812,12.12,-13.18,17.81
14508608,12.67,-14.63,18.32
14512412,13.96,-15.57,18.40
14516216,13.89,-15.14,18.99
14520020,13.69,-15.10,18.95
14523812,13.85,-15.38,18.32
14527616,14.44,-15.81,17.38
14531420,14.16,-15.34,16.71
14535216,14.32,-14.98,15.93
14539020,14.16,-14.75,15.38
14542820,14.12,-13.53,14.51
14546632,14.24,-12.98,13.26
14550436,13.65,-12.12,12.63
14554240,13.77,-11.34,12.24
14558040,13.14,-10.36,11.77
14561852,12.94,-10.28,11.65
14565640,12.91,-10.32,10.79
14569444,12.28,-9.65,10.79
14573180,12.51,-10.20,10.83
14576972,12.55,-9.81,10.43
14580716,12.28,-10.16,10.28
14584532,12.32,-9.77,9.45
14588212,12.16,-9.61,9.10
14591888,12.12,-9.69,9.06
14595568,12.20,-9.69,8.98
14599244,12.00,-10.04,9.45
14602968,12.32,-10.04,9.30
14606700,12.16,-9.92,9.53
14610380,12.36,-9.14,9.96
14614056,12.40,-9.45,10.20
14617796,12.51,-9.38,10.87
14621528,12.83,-9.61,11.69
14625276,12.87,-9.77,12.55
14629028,13.34,-10.24,13.10
14632828,13.14,-10.63,13.96
14636636,13.53,-11.69,14.55
14640436,13.93,-11.61,15.02
14644240,14.08,-12.20,15.46
14648036,14.28,-12.55,15.97
14651828,14.24,-12.08,16.40
14655628,14.28,-11.34,16.44
14659440,14.28,-11.30,16.04
14663232,14.28,-11.22,15.73
14667032,14.16,-11.38,15.30
14670832,13.96,-11.49,14.63
14674624,13.85,-11.69,14.00
14678416,13.53,-12.12,14.71
14682228,13.42,-12.36,12.67
14686032,12.75,-12.79,12.36
14689828,12.55,-13.10,11.92
14693624,12.32,-13.30,11.61
14697424,12.16,-13.26,11.10
14701224,12.00,-13.49,10.32
14705020,11.38,-13.49,10.36
14708816,11.41,-13.26,10.00
14712608,11.06,-12.79,10.12
14716408,11.14,-12.59,10.12
14720200,10.98,-12.00,9.22
14723928,11.22,-10.87,9.18
14727684,10.67,-10.90,9.22
14731416,10.98,-9.92,9.45
14735092,10.98,-9.73,9.85
14738784,11.10,-9.89,10.12
14742516,11.22,-9.96,10.40
14746264,11.61,-10.20,11.45
14750064,11.77,-10.20,11.57
14753860,11.92,-11.38,11.92
14757668,12.16,-12.16,12.43
14761476,12.75,-12.79,12.67
14765272,12.51,-13.22,12.91
14769096,12.67,-13.61,13.34
14772900,12.87,-14.08,13.65
14776696,12.91,-14.04,14.32
14780500,13.14,-14.12,14.24
14784316,13.22,-13.85,13.89
14788112,13.61,-13.65,14.55
14791928,13.34,-13.61,13.42
14795740,15.42,-12.91,14.59
14799540,13.45,-13.61,14.44
14803344,13.77,-12.87,14.71
14807144,13.96,-12.40,13.53
14810944,13.61,-11.57,13.34
14814756,13.53,-11.41,12.71
14818560,13.49,-11.26,12.91
14822368,13.57,-10.43,12.94
14826164,13.57,-10.04,13.06
14829952,13.34,-9.61,13.26
14833696,13.34,-9.81,13.10
14837416,13.30,-9.65,13.42
14841148,13.30,-9.45,13.65
14844892,13.49,-9.53,13.10
14848632,13.26,-9.41,12.67
14852376,13.30,-9.30,12.36
14856112,13.34,-9.45,12.08
14859844,13.14,-8.90,11.34
14863568,13.18,-9.14,10.87
14867324,12.87,-9.57,11.06
14871052,13.26,-9.81,11.45
14874796,13.10,-10.24,11.26
14878600,13.02,-10.20,11.65
14882400,12.91,-10.55,11.85
14886196,12.98,-11.06,11.96
14889996,13.10,-10.87,12.00
14893784,13.14,-11.45,12.20
14897572,13.06,-11.85,12.47
14901372,13.22,-11.57,12.40
14905164,13.26,-11.65,12.71
14908960,13.49,-11.69,13.06
14912760,13.42,-12.04,12.87
14916556,13.30,-11.73,13.22
14920364,13.65,-11.57,13.30
14924160,13.49,-11.41,13.34
14927972,13.38,-11.96,13.14
14931780,13.06,-11.89,13.45
14935564,13.30,-12.08,13.53
14939364,12.91,-11.85,14.00
14943160,13.06,-11.73,14.59
14946952,12.94,-11.69,14.40
14950764,13.06,-11.61,14.28
14954564,13.22,-11.77,14.36
14958372,13.38,-11.92,13.42
14962188,13.02,-12.04,13.26
14965980,12.91,-12.04,13.10
14969788,12.87,-12.24,12.67
14973592,12.87,-12.47,12.32
14977404,12.91,-12.08,12.32
14981204,12.67,-12.12,12.20
14984996,12.79,-12.04,11.85
14988804,12.63,-12.08,11.65
14992592,12.51,-11.96,11.06
14996400,12.59,-11.85,10.90
15000196,12.28,-11.57,10.87
15003996,12.36,-11.65,10.98
15007800,12.36,-11.96,11.18
15011612,12.32,-11.92,11.61
15015424,12.28,-12.36,11.10
15019228,12.40,-12.51,11.53
15023040,12.32,-12.32,11.77
15026840,12.43,-12.40,12.12
15030648,12.47,-12.12,11.92
15034456,12.67,-12.00,12.20
15038248,12.79,-12.20,12.47
15042044,12.83,-12.04,12.63
15045840,12.75,-11.81,13.06
15049648,12.98,-11.81,13.18
15053460,13.14,-11.77,12.63
15057260,13.06,-11.81,12.67
15061060,12.98,-12.47,12.87
15064860,12.98,-11.89,12.71
15068676,13.06,-12.16,12.71
15072480,13.14,-12.36,13.02
15076288,12.98,-12.63,12.94
15080088,13.22,-12.47,13.06
15083896,13.18,-12.08,13.61
15087692,13.26,-11.89,13.49
15091496,13.45,-11.89,13.22
15095308,13.42,-11.26,13.10
15099112,13.49,-11.26,13.22
15102920,13.30,-10.79,12.67
15106720,13.38,-10.55,13.06
15110520,13.26,-10.04,12.55
15114320,13.06,-10.04,12.36
15118112,13.02,-10.16,12.20
15121924,13.18,-10.63,12.12
15125732,13.02,-10.28,12.20
15129536,12.94,-10.20,12.00
15133320,12.94,-10.55,11.61
15137128,12.87,-10.79,11.69
15140940,12.98,-10.71,11.96
15144744,12.94,-10.79,12.04
15148544,12.91,-11.14,11.73
15152356,12.83,-11.02,12.28
15156156,12.94,-10.90,12.28
15159960,12.91,-11.02,12.51
15163768,13.18,-11.14,12.24
15167576,13.30,-11.26,12.12
15171376,13.38,-11.02,12.47
15175168,13.42,-11.06,12.28
15178968,13.34,-11.22,12.55
15182784,13.30,-11.30,12.47
15186580,13.42,-11.69,12.63
15190392,13.65,-11.69,12.71
15194192,13.49,-11.61,12.79
15198000,13.45,-12.04,12.87
15201804,13.45,-12.20,12.94
15205604,13.57,-12.08,12.75
15209404,13.57,-12.12,13.22
15213212,13.65,-11.92,13.38
15217016,13.42,-11.92,13.53
15220824,13.49,-12.20,13.65
15224624,13.57,-12.20,13.69
15228420,13.57,-12.12,13.57
15232216,13.45,-12.36,13.49
15236024,13.42,-12.12,13.42
15239836,13.30,-12.55,13.57
15243640,13.26,-11.77,13.22
15247448,12.98,-11.85,12.63
15251244,12.94,-11.92,12.55
15255052,12.94,-11.45,12.08
15258844,12.91,-11.89,11.61
15262664,12.83,-11.49,11.89
15266476,12.71,-11.34,11.18
15270276,12.59,-11.45,10.75
15274080,12.63,-11.30,10.43
15277884,12.63,-11.49,10.36
15281688,12.51,-11.65,10.51
15285496,12.43,-11.85,10.75
15289300,12.43,-11.69,11.02
15293088,12.51,-11.73,11.18
15296892,12.55,-11.65,11.45
15300680,12.59,-11.53,11.85
15304484,12.71,-11.45,11.65
15308296,12.87,-11.85,11.89
15312092,12.91,-11.53,11.89
15315908,12.91,-11.53,11.85
15319716,12.91,-11.85,12.51
15323512,12.87,-11.92,12.43
15327312,12.98,-12.43,12.94
15331120,13.02,-13.06,12.91
15334924,13.14,-12.63,13.45
15338736,13.18,-12.98,13.89
15342532,13.34,-13.26,13.85
15346352,13.57,-13.38,13.73
15350156,13.42,-13.57,13.81
15353968,13.57,-13.06,13.65
15357764,13.61,-12.55,14.08
15361568,13.57,-12.47,13.45
15365364,13.49,-12.12,13.30
15369148,13.65,-11.69,13.14
15372952,13.69,-11.26,12.98
15376760,13.57,-11.02,12.94
15380552,13.57,-10.90,13.14
15384352,13.45,-10.36,13.49
15388164,13.45,-10.16,13.53
15391964,13.45,-10.28,13.34
15395764,13.69,-9.96,12.98
15399492,13.69,-9.81,12.83
15403236,13.69,-9.65,12.20
15406968,13.38,-10.04,11.81
15410776,13.45,-10.16,11.41
15414572,13.49,-10.87,11.38
15418372,13.53,-11.02,11.22
15422164,13.77,-11.57,11.49
15425964,13.42,-11.53,12.00
15429760,13.45,-11.73,12.32
15433552,13.57,-12.12,12.71
15437360,13.69,-12.43,12.98
15441148,14.00,-12.40,13.45
15444928,14.08,-12.32,13.69
15448728,14.20,-12.51,13.85
15452536,14.12,-12.75,13.81
15456336,14.04,-12.51,13.69
15460128,14.00,-12.71,14.12
15463928,14.32,-12.32,13.57
15467740,14.00,-12.36,13.45
15471532,13.96,-12.32,13.30
15475340,13.89,-12.12,13.26
15479152,13.81,-12.04,12.98
15482948,13.61,-11.81,12.98
15486756,13.57,-12.04,12.87
15490552,13.73,-11.69,12.59
15494348,13.49,-11.73,12.63
15498140,13.53,-11.92,12.91
15501948,13.45,-11.65,12.75
15505764,13.65,-11.92,12.51
15509560,13.30,-11.77,12.43
15513356,13.30,-11.57,12.40
15517148,13.38,-11.38,12.32
15520960,13.26,-11.38,12.04
15524756,13.02,-11.06,12.08
15528548,13.22,-11.14,12.24
15532356,13.18,-11.49,12.36
15536176,13.18,-11.30,11.96
15539972,13.14,-11.26,11.92
15543780,13.18,-11.65,12.16
15547584,13.18,-11.49,12.16
15551388,13.14,-11.65,12.28
15555200,13.26,-11.53,12.24
15559000,13.34,-11.61,12.20
15562808,13.49,-12.00,12.24
15566592,13.14,-12.12,12.40
15570392,13.42,-12.55,12.32
15574196,13.42,-11.89,12.51
15578004,13.38,-12.28,12.55
15581808,13.57,-12.20,12.67
15585604,13.49,-12.36,12.75
15589420,13.57,-12.36,12.87
15593228,13.49,-12.28,12.98
15597024,13.61,-12.36,13.18
15600852,13.77,-12.24,12.91
15604664,13.57,-12.00,12.83
15608472,13.65,-12.20,12.75
15612280,13.57,-11.57,12.91
15616084,13.53,-11.96,13.61
15619892,13.57,-11.45,12.40
15623688,13.49,-11.18,12.32
15627496,13.42,-11.45,12.32
15631308,13.30,-11.41,12.40
15635108,13.26,-11.06,12.00
15638908,13.14,-11.06,12.16
15642708,13.30,-10.87,12.36
15646512,13.42,-11.10,12.47
15650320,13.45,-11.06,12.55
15654104,13.53,-11.38,12.59
15657920,13.65,-11.65,12.63
15661724,13.49,-11.65,12.79
15665528,13.61,-11.77,12.83
15669336,13.57,-12.20,13.18
15673128,13.61,-11.89,13.45
15676940,13.57,-11.96,12.79
15680752,13.57,-12.04,12.63
15684548,13.69,-11.89,12.51
15688344,13.53,-11.57,12.71
15692148,13.53,-11.57,12.75
15695952,13.65,-11.73,12.36
15699756,13.77,-11.61,12.32
15703568,13.65,-11.53,12.47
15707368,13.49,-11.61,12.40
15711168,13.53,-11.45,12.67
15714956,13.57,-11.34,12.24
15718768,13.65,-11.34,12.36
15722580,13.53,-10.83,12.36
15726392,13.57,-11.22,12.67
15730192,13.65,-10.98,12.43
15733988,13.53,-11.14,12.40
15737788,13.53,-11.41,12.55
15741588,13.45,-11.14,12.79
15745400,13.65,-11.34,13.02
15749200,13.53,-11.38,13.14
15753000,13.57,-11.61,13.30
15756808,13.22,-11.38,12.98
15760616,13.69,-11.38,12.98
15764424,13.53,-11.69,13.02
15768232,13.49,-11.65,12.63
15772044,13.57,-11.73,12.43
15775856,13.49,-12.08,12.55
15779644,13.49,-12.16,12.55
15783452,13.45,-12.12,12.63
15787256,13.42,-12.12,12.67
15791064,13.45,-12.20,12.24
15794860,13.49,-12.43,12.87
15798656,13.30,-12.20,12.79
15802460,13.53,-12.04,12.79
15806256,13.53,-12.00,12.79
15810056,13.53,-12.00,12.79
15813848,13.45,-11.41,12.43
15817660,13.45,-11.65,12.43
15821464,13.49,-11.81,12.51
15825276,13.45,-11.65,12.36
15829076,13.49,-11.73,13.02
15832880,13.61,-11.49,12.43
15836688,13.57,-11.65,12.59
15840488,13.49,-11.69,12.51
15844292,13.49,-11.92,12.75
15848092,13.53,-11.65,12.75
15851900,13.34,-11.77,12.55
15855708,13.38,-11.38,12.36
15859524,13.61,-11.34,12.43
15863324,13.53,-11.38,12.59
15867120,13.53,-11.49,12.94
15870928,13.65,-11.38,12.32
15874744,13.49,-11.69,12.24
15878540,13.49,-11.53,12.24
15882336,13.45,-11.61,12.36
15886140,13.45,-11.53,12.24
15889932,13.57,-11.45,12.28
15893736,13.45,-11.41,12.28
15897536,13.30,-11.92,12.20
15901332,13.42,-11.89,12.24
15905144,13.42,-12.16,12.67
15908948,13.22,-11.81,12.32
15912756,13.53,-12.16,12.40
15916564,13.22,-11.92,12.75
15920364,13.34,-12.20,12.91
15924164,13.42,-11.77,13.26
15927972,13.45,-11.53,12.91
15931788,13.49,-11.57,13.06
15935580,13.45,-11.85,13.10
15939380,13.49,-11.77,13.10
15943172,13.53,-11.38,13.06
15946972,13.49,-11.61,12.87
15950784,13.69,-11.41,12.75
15954592,13.49,-11.73,12.79
15958396,13.49,-11.69,12.75
15962208,13.49,-11.73,12.32
15966008,13.45,-12.00,13.06
15969804,13.42,-11.96,12.32
15973616,13.57,-12.24,12.16
15977428,13.38,-12.00,12.16
15981224,13.38,-11.73,12.36
15985036,13.42,-11.81,12.36
15988852,13.38,-11.49,12.24
15992652,13.30,-11.65,12.04
15996448,13.45,-11.34,12.04
16000240,13.42,-11.38,12.00
16004036,13.34,-11.22,12.04
16007840,13.49,-11.18,12.36
16011640,13.49,-11.34,12.67
16015448,13.57,-11.18,12.79
16019244,13.42,-11.18,12.83
16023052,13.65,-11.10,13.06
16026852,13.77,-10.94,12.79
16030648,13.65,-11.53,13.18
16034460,13.57,-11.41,12.59
16038268,13.65,-11.69,12.83
16042068,13.57,-11.73,12.91
16045876,13.89,-11.53,12.59
16049684,13.61,-11.61,12.47
16053488,13.49,-11.45,12.55
16057296,13.49,-11.77,12.71
16061092,13.30,-11.85,12.87
16064892,13.10,-11.41,12.47
16068688,13.34,-11.61,12.43
16072480,13.42,-11.81,12.59
16076288,13.38,-11.77,12.36
16080084,13.53,-11.89,12.71
16083896,13.81,-12.00,12.55
16087688,13.49,-12.16,12.59
16091492,13.73,-11.69,12.47
16095292,13.69,-11.81,12.79
16099096,13.65,-11.92,13.10
16102896,13.73,-11.77,12.83
16106708,13.69,-11.96,12.71
16110512,13.73,-11.61,12.75
16114316,13.65,-11.92,12.43
16118120,13.73,-11.69,12.91
16121928,13.53,-11.92,12.94
16125728,13.65,-11.53,12.63
16129540,13.61,-11.81,12.67
16133336,13.57,-11.77,12.79
16137140,13.73,-11.85,13.22
16140940,13.61,-12.04,12.08
16144744,13.53,-11.96,12.91
16148544,13.69,-11.89,13.02
16152340,13.69,-11.81,13.02
16156140,13.57,-11.96,12.94
16159936,13.53,-11.57,12.91
16163744,13.57,-11.81,12.98
16167556,13.49,-11.34,12.75
16171352,13.57,-11.77,12.94
16175160,13.73,-11.10,12.83
16178960,13.61,-11.81,12.32
16182776,13.81,-10.87,12.20
16186572,13.69,-11.02,12.08
16190352,13.73,-10.43,11.65
16194164,13.45,-10.59,11.49
16197960,13.38,-10.16,12.40
16201772,13.02,-10.59,12.47
16205560,13.34,-10.04,11.96
16209352,13.22,-10.83,12.55
16213160,13.45,-10.90,12.12
16216956,13.18,-11.02,12.40
16220756,13.14,-11.45,11.61
16224560,12.83,-14.32,13.96
16228364,13.34,-11.65,12.94
16232172,13.02,-12.75,13.96
16235956,12.83,-12.00,13.45
16239752,13.45,-12.08,11.10
16243548,13.34,-11.92,11.10
16247340,13.06,-11.34,11.06
16251128,13.38,-10.87,11.41
16254928,13.73,-11.02,12.43
16258724,13.18,-10.24,13.10
16262512,12.79,-9.96,12.91
16266260,12.87,-10.04,12.40
16270044,13.26,-10.08,12.32
16273844,13.18,-9.45,12.59
16277572,13.42,-9.81,11.96
16281324,13.30,-10.04,11.96
16285112,13.42,-9.85,11.85
16288864,13.42,-10.20,12.36
16292660,13.26,-10.40,12.36
16296468,13.34,-11.02,11.81
16300268,13.18,-11.02,12.28
16304064,13.42,-10.94,12.47
16307864,13.49,-11.22,12.55
16311684,13.53,-11.45,12.79
16315476,13.61,-11.53,12.63
16319284,13.69,-11.81,12.47
16323084,13.65,-11.65,12.94
16326880,13.85,-11.53,12.83
16330700,13.77,-11.38,12.98
16334504,13.85,-11.02,13.02
16338296,13.81,-11.34,13.89
16342096,13.93,-10.98,13.26
16345892,13.93,-10.90,13.26
16349704,13.77,-10.55,13.61
16353508,13.81,-10.59,13.89
16357312,13.81,-10.43,13.57
16361108,13.69,-10.04,13.30
16364908,13.73,-10.16,13.02
16368720,13.96,-10.24,12.94
16372512,13.96,-9.65,13.02
16376248,13.93,-9.65,12.71
16379988,13.96,-9.81,12.75
16383736,13.57,-10.08,12.63
16387528,13.81,-9.81,12.55
16391276,13.81,-9.77,12.04
16395016,13.61,-10.16,12.00
16398816,13.81,-11.02,12.08
16402612,13.49,-11.22,11.85
16406424,13.45,-10.98,11.85
16410224,13.65,-10.79,11.92
16414024,13.69,-10.90,11.45
16417824,13.77,-11.65,11.49
16421616,13.34,-11.85,11.73
16425436,13.65,-12.08,12.16
16429236,13.81,-11.77,12.43
16433032,13.69,-12.16,12.63
16436844,13.69,-12.32,12.55
16440644,13.77,-12.47,12.51
16444460,13.96,-12.47,13.02
16448256,13.77,-12.47,13.57
16452052,13.81,-12.59,14.16
16455868,13.77,-12.67,14.44
16459676,14.00,-12.59,14.75
16463472,13.81,-12.63,14.63
16467272,14.12,-12.16,14.55
16471076,14.08,-12.20,14.32
16474876,14.20,-11.73,14.32
16478684,14.24,-11.73,14.08
16482472,14.20,-10.98,13.57
16486264,14.32,-10.90,13.42
16490064,14.20,-11.18,13.34
16493864,14.08,-10.87,12.87
16497668,14.04,-10.43,12.91
16501460,13.85,-10.75,12.24
16505256,13.85,-10.83,11.96
16509064,13.81,-11.02,12.04
16512856,13.81,-10.83,11.89
16516664,13.77,-10.79,12.36
16520468,13.77,-11.10,11.30
16524264,13.77,-11.18,11.65
16528064,13.49,-11.02,11.65
16531864,13.61,-11.18,11.96
16535672,13.53,-10.90,11.96
16539460,13.53,-10.87,12.24
16543264,13.96,-10.94,12.04
16547048,13.61,-10.40,12.32
16550856,13.65,-10.36,12.55
16554660,13.57,-10.43,12.40
16558456,13.69,-10.59,12.63
16562260,13.77,-10.24,12.71
16566060,13.69,-10.28,12.71
16569872,13.69,-10.28,12.87
16573676,13.85,-10.51,12.87
16577484,13.85,-10.51,12.71
16581296,14.20,-10.90,13.06
16585080,13.73,-11.02,12.94
16588876,13.65,-11.10,12.71
16592680,13.77,-11.65,12.75
16596484,13.69,-11.49,13.45
16600284,13.53,-11.65,12.75
16604092,13.77,-11.92,12.75
16607880,13.73,-12.16,12.63
16611704,13.81,-12.16,12.79
16615508,13.85,-12.20,13.22
16619304,13.85,-12.12,12.67
16623108,13.81,-12.12,12.83
16626916,13.77,-11.81,12.71
16630716,13.77,-11.41,13.02
16634500,13.81,-11.61,12.94
16638300,13.89,-11.34,12.75
16642104,13.73,-11.45,12.79
16645896,13.77,-11.30,12.75
16649700,13.85,-11.22,12.75
16653504,13.85,-10.83,12.94
16657304,13.85,-10.98,13.30
16661096,13.42,-10.87,12.75
16664900,13.89,-10.24,12.91
16668716,13.61,-10.75,13.06
16672512,13.65,-10.20,12.67
16676304,13.69,-10.51,12.91
16680096,13.65,-10.43,12.40
16683896,13.81,-10.51,12.47
16687704,13.69,-10.55,12.16
16691504,13.73,-11.02,12.24
16695304,13.69,-10.90,12.59
16699088,13.81,-11.30,12.32
16702884,13.81,-11.26,12.32
16706704,13.61,-12.00,12.43
16710488,13.85,-12.00,12.63
16714288,13.77,-12.40,13.02
16718072,13.96,-12.36,12.43
16721876,13.93,-12.04,12.51
16725676,13.65,-12.24,12.75
16729472,13.73,-12.08,12.55
16733268,13.81,-11.69,12.79
16737072,14.08,-11.69,12.79
16740868,13.73,-11.61,12.47
16744680,13.57,-11.53,12.59
16748480,13.73,-11.26,12.75
16752284,13.69,-10.83,12.75
16756092,13.65,-10.94,12.40
16759892,13.38,-10.98,12.55
16763704,13.57,-10.90,12.47
16767500,13.69,-10.55,12.63
16771292,13.53,-10.94,12.59
16775092,13.61,-10.94,12.32
16778892,13.89,-10.63,12.51
16782708,13.77,-11.34,12.71
16786520,13.77,-11.06,13.02
16790316,13.81,-10.79,12.79
16794120,13.89,-11.10,12.67
16797916,13.96,-11.18,12.67
16801728,14.32,-11.18,12.79
16805532,14.12,-11.10,13.02
16809332,14.08,-11.06,12.94
16813116,14.20,-11.38,13.38
16816900,14.28,-11.53,13.22
16820716,14.32,-11.53,13.34
16824524,14.20,-11.49,13.34
16828324,14.16,-11.77,13.57
16832132,14.28,-11.57,13.85
16835928,14.16,-11.45,13.42
16839736,14.04,-11.69,13.42
16843536,14.08,-11.61,13.38
16847332,13.85,-11.61,13.30
16851136,13.89,-11.41,13.22
16854936,13.69,-11.10,12.98
16858740,13.73,-11.30,12.75
16862532,13.81,-11.65,12.63
16866340,13.69,-11.34,12.32
16870132,13.53,-11.18,12.40
16873924,13.73,-10.90,12.32
16877724,13.38,-10.98,11.92
16881512,13.34,-10.94,12.12
16885308,13.38,-11.14,11.96
16889112,13.30,-11.26,11.96
16892916,13.49,-11.06,11.92
16896716,13.34,-11.06,12.08
16900500,13.26,-10.71,12.20
16904296,13.26,-11.14,12.28
16908092,13.22,-10.71,12.20
16911888,13.42,-10.63,12.43
16915696,13.26,-10.51,12.24
16919496,13.49,-10.71,12.36
16923304,13.34,-10.47,12.55
16927108,13.26,-10.51,12.63
16930908,13.26,-10.59,12.16
16934708,13.30,-10.40,12.55
16938500,13.34,-10.75,12.75
16942300,13.34,-10.67,12.63
16946108,13.30,-10.51,12.83
16949904,13.30,-11.18,13.26
16953712,13.18,-11.18,12.40
16957508,13.42,-11.65,12.55
16961308,13.42,-11.73,12.40
16965116,13.49,-12.00,12.55
16968900,13.53,-11.96,12.36
16972704,13.45,-11.49,12.36
16976516,13.45,-11.85,12.43
16980324,13.45,-11.96,12.32
16984128,13.57,-12.24,12.55
16987928,13.57,-11.89,12.83
16991740,13.65,-11.65,12.43
16995536,13.69,-11.61,12.40
16999328,13.65,-11.73,12.55
17003140,13.65,-11.41,12.91
17006956,13.73,-11.73,12.71
17010768,13.61,-11.53,12.75
17014580,13.65,-11.81,12.47
17018396,13.69,-11.38,12.63
17022204,13.85,-11.18,13.10
17026012,13.81,-11.18,12.87
17029812,13.93,-11.10,12.55
17033608,13.69,-11.34,12.55
17037416,13.85,-11.06,12.40
17041216,14.08,-10.98,12.43
17045004,13.96,-11.10,12.79
17048800,14.00,-10.87,12.67
17052600,13.81,-11.26,13.30
17056412,14.08,-11.26,13.10
17060208,14.16,-11.22,13.02
17064008,14.32,-11.26,13.22
17067816,14.16,-11.49,13.30
17071612,13.93,-11.30,13.30
17075408,13.85,-11.22,13.57
17079220,14.00,-11.22,13.45
17083008,13.93,-11.06,13.53
17086796,14.00,-10.98,13.45
17090600,13.93,-11.26,12.71
17094400,13.89,-11.22,12.87
17098204,13.89,-10.98,12.98
17102008,13.89,-11.06,13.10
17105804,13.73,-10.83,12.00
17109596,13.57,-10.87,12.67
17113396,13.53,-10.83,12.59
17117200,13.49,-10.67,12.67
17121000,13.57,-10.67,12.40
17124804,13.65,-10.87,12.47
17128608,13.81,-11.02,12.32
17132420,13.57,-10.67,12.16
17136228,13.77,-10.98,12.24
17140028,13.65,-11.34,12.40
17143836,13.65,-10.71,12.40
17147640,13.96,-10.98,12.40
17151428,13.61,-11.18,12.32
17155244,13.73,-11.22,12.51
17159040,13.77,-11.02,12.51
17162848,13.73,-10.98,12.32
17166656,13.85,-10.98,12.67
17170464,13.73,-11.06,12.67
17174268,13.73,-11.34,12.79
17178068,13.69,-11.10,12.47
17181872,13.89,-11.06,12.47
17185676,13.89,-11.26,12.67
17189488,13.89,-11.34,12.63
17193288,13.73,-11.34,12.55
17197104,13.89,-11.18,12.98
17200900,13.89,-11.61,13.34
17204708,13.93,-11.53,13.30
17208508,13.77,-11.85,13.22
17212308,13.89,-11.38,13.49
17216116,13.89,-11.85,13.53
17219916,13.96,-11.45,13.73
17223728,14.04,-11.49,13.14
17227532,13.77,-11.38,12.91
17231336,13.96,-11.81,13.14
17235148,13.89,-12.12,13.10
17238944,13.85,-12.00,13.22
17242748,13.65,-11.73,12.71
17246552,14.00,-12.04,12.55
17250348,13.53,-12.36,12.36
17254156,13.57,-12.67,12.24
17257964,13.42,-12.40,12.28
17261776,13.57,-12.87,12.51
17265592,13.61,-12.59,12.28
17269404,13.45,-13.10,12.28
17273204,13.34,-12.28,12.24
17277012,13.42,-12.83,12.59
17280816,13.34,-12.98,13.10
17284616,13.42,-12.75,12.32
17288436,13.26,-12.79,12.36
17292236,13.45,-12.87,12.75
17296032,13.34,-12.87,12.83
17299844,13.34,-12.91,13.02
17303652,13.45,-12.75,13.06
17307436,13.38,-13.02,13.10
17311236,13.42,-12.75,13.61
17315036,13.42,-12.59,13.89
17318852,13.18,-12.24,14.04
17322652,12.87,-11.96,14.04
17326456,13.02,-11.61,14.28
17330260,12.94,-11.38,14.20
17334048,12.98,-11.26,14.08
17337844,13.18,-10.90,14.32
17341652,13.18,-10.43,13.73
17345460,13.14,-10.32,13.45
17349272,12.91,-10.12,13.38
17353080,12.98,-9.85,13.14
17356828,12.91,-9.96,13.42
17360572,13.02,-9.69,12.47
17364304,12.87,-9.85,12.40
17368036,12.91,-9.65,12.59
17371776,12.71,-9.81,12.43
17375516,12.59,-10.00,12.55
17379304,12.75,-9.57,12.04
17383036,12.55,-9.92,12.08
17386776,12.32,-9.92,12.00
17390516,12.32,-10.04,11.96
17394312,12.28,-9.69,11.53
17398044,12.24,-9.57,11.89
17401800,12.24,-11.69,12.40
17405588,10.83,-9.30,11.61
17409328,10.98,-10.43,11.53
17413132,11.89,-10.47,12.36
17416928,12.36,-9.41,11.69
17420672,11.89,-9.65,11.34
17424416,12.08,-9.53,11.77
17428152,12.12,-9.85,12.04
17431888,12.32,-9.30,12.04
17435620,12.47,-9.45,12.40
17439360,12.63,-9.22,11.96
17443092,12.91,-9.18,12.94
17446844,12.83,-8.79,12.12
17450588,12.98,-8.67,11.92
17454328,13.10,-8.55,12.16
17458064,13.26,-8.47,11.96
17461808,13.53,-8.51,11.81
17465556,13.53,-8.55,12.32
17469296,14.12,-8.71,12.04
17473024,13.42,-7.69,12.55
17476780,12.47,-7.61,13.18
17480536,13.38,-7.96,12.98
17484272,13.57,-8.24,13.14
17488024,13.85,-8.32,13.14
17491768,13.81,-8.39,12.94
17495504,13.89,-8.51,13.49
17499244,14.04,-8.63,12.83
17502984,13.81,-8.08,12.67
17506712,13.93,-8.51,12.67
