24,-10.12
1616460,2.86,0.27,-10.51
1620060,2.79,0.08,-10.32
1623668,2.82,-0.08,-10.04
1627280,2.94,0.24,-10.20
1630876,2.90,0.08,-9.89
1634420,3.02,0.12,-10.20
1638016,3.02,0.08,-10.20
1641616,2.94,0.16,-10.43
1645216,2.98,0.04,-9.92
1648760,2.98,0.04,-10.16
1652352,2.90,0.04,-10.43
1655960,3.06,-0.16,-9.81
1659504,2.90,0.00,-10.12
1663088,2.90,-0.20,-10.28
1666696,2.94,-0.16,-10.00
1670320,2.98,0.08,-10.43
1673900,2.98,0.00,-9.92
1677440,2.94,0.16,-9.65
1680980,2.98,-0.27,-9.61
1684552,3.06,0.04,-10.08
1688132,2.86,-0.16,-9.77
1691704,2.94,0.20,-10.28
1695300,2.86,-0.35,-9.92
1698872,2.94,-0.31,-10.08
1702484,2.90,-0.04,-9.96
1706024,2.86,0.00,-9.85
1709564,2.94,-0.12,-9.89
1713132,2.90,-0.24,-10.43
1716760,2.90,0.24,-10.28
1720364,2.86,0.04,-9.89
1723908,2.94,0.24,-10.43
1727520,2.98,0.08,-10.55
1731104,3.02,0.12,-10.43
1734712,2.98,0.04,-10.32
1738308,2.90,0.08,-10.28
1741908,3.06,0.12,-10.08
1745504,2.98,0.31,-10.24
1749100,2.82,0.20,-10.16
1752704,2.86,0.20,-10.24
1756316,2.82,0.24,-9.73
1759864,2.86,0.27,-10.08
1763468,2.90,0.24,-10.36
1767052,2.86,0.24,-9.96
1770604,2.79,0.16,-10.67
1774208,2.98,0.20,-10.32
1777820,2.98,0.12,-10.47
1781424,2.98,0.16,-10.40
1785032,2.82,0.12,-10.59
1788624,2.86,0.00,-10.16
1792204,2.90,0.00,-10.04
1795780,2.90,-0.04,-9.96
1799344,2.94,-0.04,-10.04
1802956,2.98,-0.04,-9.38
1806496,2.90,0.00,-9.73
1810020,2.98,0.00,-10.12
1813588,3.06,0.00,-9.77
1817100,3.02,0.04,-9.81
1820636,3.02,0.12,-9.89
1824164,3.06,0.00,-9.65
1827688,2.98,0.08,-10.28
1831280,3.14,0.00,-10.32
1834868,3.10,0.08,-10.00
1838456,2.94,0.12,-10.24
1842052,2.98,0.04,-10.04
1845644,3.02,0.16,-10.20
1849240,2.98,0.04,-9.96
1852788,2.98,0.12,-10.32
1856400,2.98,0.08,-10.08
1859984,2.94,0.20,-10.16
1863604,2.98,0.27,-10.12
1867208,2.90,0.35,-10.04
1870800,2.94,0.35,-11.18
1874424,2.94,0.35,-10.75
1878028,2.94,0.27,-10.32
1881624,2.98,0.27,-10.55
1885232,2.94,0.20,-10.32
1888832,2.90,0.04,-10.24
1892432,2.79,0.08,-10.47
1896028,2.82,-0.12,-10.24
1899656,2.94,-0.24,-10.47
1903272,2.98,0.16,-10.79
1906880,2.98,-0.27,-10.16
1910504,2.86,-0.31,-10.40
1914120,2.90,-0.27,-10.08
1917732,2.98,-0.55,-10.04
1921344,2.94,-0.39,-9.77
1924912,2.86,0.20,-10.51
1928512,2.90,-0.43,-9.73
1932060,3.02,-0.04,-10.59
1935668,2.82,0.04,-10.24
1939256,2.94,-0.27,-9.41
1942804,2.90,0.00,-9.77
1946324,2.98,0.00,-10.28
1949912,3.06,-0.08,-9.92
1953456,2.94,-0.12,-10.00
1957052,2.94,0.08,-9.96
1960592,3.02,0.35,-10.16
1964200,2.98,-0.24,-9.69
1967760,2.98,-0.12,-10.12
1971396,3.02,0.04,-10.00
1974968,3.02,0.04,-10.36
1978572,3.02,0.31,-10.32
1982176,2.98,0.20,-10.00
1985768,3.18,0.24,-10.16
1989380,2.94,0.24,-10.36
1992992,2.94,0.20,-9.85
1996548,2.86,0.16,-10.12
2000156,2.82,0.16,-10.08
2003756,3.02,-0.04,-9.45
2007308,2.75,0.08,-10.12
2010908,2.82,0.12,-9.89
2014460,2.94,0.12,-10.40
2018056,2.94,0.04,-10.59
2021640,3.10,0.00,-10.63
2025224,2.86,0.16,-10.40
2028832,2.86,0.12,-10.51
2032440,2.90,0.12,-10.28
2036032,2.82,0.12,-10.47
2039628,2.94,0.00,-10.40
2043216,2.94,0.08,-10.59
2046812,2.90,0.04,-10.51
2050424,2.79,0.16,-10.40
2054020,2.94,0.20,-10.63
2057624,2.94,0.12,-10.00
2061224,2.90,0.20,-10.55
2064812,2.79,0.31,-9.69
2068364,2.94,0.24,-10.28
2071976,2.86,0.24,-10.28
2075592,2.94,0.24,-10.12
2079208,2.98,0.35,-10.24
2082808,2.94,0.04,-9.73
2086344,2.94,0.27,-10.12
2089952,3.02,-0.16,-9.73
2093508,2.90,-0.04,-9.92
2097052,3.02,0.04,-10.04
2100636,3.02,-0.20,-9.65
2104176,3.02,0.00,-10.32
2107768,3.06,0.16,-10.08
2111360,3.06,-0.08,-9.85
2114920,3.02,0.04,-10.28
2118508,3.10,-0.08,-9.69
2122048,3.06,-0.04,-9.89
2125600,3.02,0.24,-10.28
2129204,2.98,0.08,-9.92
2132736,3.02,0.00,-9.96
2136260,2.98,0.12,-10.04
2139848,3.02,0.00,-10.12
2143432,2.98,-0.08,-10.08
2147028,2.94,-0.12,-9.73
2150592,3.02,-0.04,-10.00
2154188,2.86,-0.04,-10.24
2157800,3.02,-0.24,-10.51
2161424,2.94,-0.47,-10.12
2165036,2.98,-0.20,-10.04
2168648,2.94,-0.24,-10.28
2172280,2.94,-0.04,-10.43
2175912,2.86,-0.47,-10.40
2179544,2.86,-0.08,-10.98
2183152,2.79,-0.04,-10.55
2186768,2.94,0.08,-10.24
2190356,2.90,0.00,-10.16
2193940,2.79,0.20,-10.40
2197556,2.82,0.08,-10.24
2201152,2.98,0.35,-10.08
2204748,2.79,0.12,-10.00
2208340,2.86,0.20,-10.08
2211940,3.02,0.35,-10.28
2215548,2.82,0.24,-9.77
2219092,2.79,0.20,-10.00
2222684,3.06,0.20,-9.57
2226228,2.75,0.16,-9.92
2229776,3.06,0.24,-9.96
2233312,3.26,0.00,-9.96
2236844,2.98,0.04,-10.08
2240428,3.02,0.00,-9.96
2243948,2.90,0.00,-10.08
2247524,3.02,0.00,-10.00
2251080,3.02,0.00,-10.12
2254664,2.86,-0.20,-10.20
2258284,3.10,-0.16,-9.92
2261844,2.98,-0.04,-10.08
2265460,2.94,-0.16,-10.12
2269072,3.14,-0.04,-9.96
2272628,2.90,-0.08,-10.00
2276224,3.06,0.08,-10.67
2279816,2.82,0.08,-10.28
2283420,3.06,0.16,-10.51
2287012,2.94,0.08,-10.16
2290600,3.02,0.00,-10.00
2294176,3.06,0.12,-10.32
2297788,3.06,0.08,-10.47
2301388,3.10,0.08,-10.20
2304976,2.98,0.04,-10.32
2308580,2.98,0.24,-10.00
2312172,3.14,0.20,-9.73
2315724,3.02,0.20,-9.73
2319272,2.98,0.24,-9.61
2322816,3.14,0.24,-10.00
2326424,2.90,0.27,-10.16
2330016,3.06,0.16,-10.32
2333620,3.06,0.27,-9.53
2337160,2.98,0.27,-10.51
2340784,2.90,0.24,-10.67
2344388,2.94,0.20,-9.81
2347928,3.02,0.08,-9.69
2351472,2.86,0.12,-9.85
2355012,2.94,0.04,-10.63
2358592,2.98,0.00,-10.67
2362168,2.90,0.00,-10.40
2365748,2.94,-0.08,-10.90
2369340,2.79,0.00,-10.28
2372928,2.86,-0.20,-9.65
2376484,2.90,-0.20,-9.53
2380028,2.86,-0.04,-9.65
2383584,2.94,-0.16,-10.08
2387196,2.90,-0.20,-9.96
2390752,2.98,-0.20,-10.12
2394372,2.90,-0.12,-9.96
2397928,3.02,-0.12,-9.85
2401484,3.02,-0.04,-10.00
2405072,3.06,-0.04,-9.69
2408616,3.02,0.00,-10.32
2412184,3.02,0.00,-10.16
2415772,3.10,0.04,-9.65
2419316,3.06,0.12,-10.63
2422928,3.18,0.04,-9.81
2426464,3.10,0.08,-10.00
2430040,3.02,0.12,-10.47
2433640,3.02,0.24,-10.47
2437244,2.94,0.20,-10.32
2440840,2.98,0.20,-10.04
2444440,3.02,0.24,-10.16
2448032,3.02,0.31,-10.16
2451648,3.10,0.16,-10.47
2455244,2.98,0.27,-10.36
2458848,2.94,-0.16,-9.61
2462420,3.02,0.04,-10.24
2465988,2.94,0.00,-9.77
2469516,2.90,0.00,-10.36
2473108,2.94,-0.12,-10.32
2476732,2.90,0.08,-10.08
2480320,2.79,0.08,-10.63
2483924,2.90,-0.24,-9.81
2487484,2.75,0.12,-10.32
2491104,2.79,0.08,-10.12
2494716,2.90,0.08,-10.16
2498316,2.82,0.31,-10.43
2501928,2.86,0.04,-10.08
2505532,2.82,0.43,-10.40
2509120,2.86,0.00,-9.53
2512648,2.90,0.08,-9.85
2516184,2.94,0.04,-10.00
2519772,3.06,0.04,-9.85
2523316,2.98,0.08,-10.20
2526908,2.98,0.12,-10.08
2530512,3.06,-0.04,-10.24
2534124,2.86,0.08,-10.20
2537720,2.98,0.00,-10.28
2541296,3.06,0.00,-9.85
2544828,3.02,-0.08,-9.69
2548380,2.90,-0.12,-10.43
2552000,2.98,-0.04,-10.24
2555612,3.06,-0.20,-9.69
2559164,2.94,-0.12,-10.79
2562788,3.06,-0.24,-10.08
2566408,2.94,-0.08,-10.32
2569996,3.10,0.00,-10.16
2573568,3.06,0.00,-10.04
2577128,3.10,0.00,-10.04
2580720,3.18,-0.04,-10.04
2584328,3.02,0.12,-10.32
2587940,2.90,0.08,-10.24
2591540,3.18,-0.04,-10.12
2595160,3.10,-0.08,-10.47
2598768,3.06,0.04,-9.89
2602296,2.94,0.00,-10.08
2605888,3.18,0.12,-10.36
2609488,3.02,0.00,-10.12
2613064,3.02,0.04,-9.96
2616608,2.86,0.08,-10.55
2620204,3.06,0.04,-10.32
2623800,2.94,0.16,-10.43
2627412,2.94,0.04,-10.28
2631000,3.02,0.08,-10.47
2634592,2.90,0.04,-10.40
2638180,3.06,0.00,-10.16
2641764,2.90,-0.04,-10.63
2645376,2.82,0.00,-10.28
2648952,2.90,0.00,-9.69
2652476,2.86,-0.04,-10.55
2656072,2.90,0.00,-10.04
2659632,2.86,0.00,-9.73
2663160,2.86,0.08,-9.89
2666708,2.90,0.04,-10.40
2670308,2.90,0.08,-9.96
2673848,2.86,0.08,-9.85
2677388,2.94,0.04,-9.96
2680920,2.86,0.04,-10.24
2684524,2.82,0.04,-10.24
2688108,2.94,0.00,-10.04
2691680,2.90,0.00,-10.43
2695248,2.94,0.00,-10.08
2698824,2.82,0.00,-10.16
2702408,2.94,0.00,-10.36
2705972,2.98,0.00,-9.77
2709516,3.02,-0.04,-10.00
2713092,2.90,0.00,-9.81
2716604,2.98,0.00,-10.00
2720164,2.86,0.00,-10.28
2723752,2.94,0.00,-10.32
2727324,2.98,0.00,-9.96
2730864,3.02,0.04,-10.28
2734460,3.02,0.04,-10.12
2738048,3.10,0.16,-10.32
2741660,3.06,0.16,-10.32
2745268,2.98,0.27,-9.85
2748820,3.06,0.31,-10.36
2752432,3.02,0.39,-9.92
2755980,3.06,0.51,-10.16
2759596,3.10,0.55,-9.73
35149744,-1.53,1.14,-12.98
35153432,-0.90,1.65,-12.59
35157124,-0.47,1.53,-12.59
35160808,-0.20,0.51,-13.81
35164484,-0.12,0.98,-13.65
35168172,0.39,2.08,-13.34
35171836,0.47,2.08,-13.34
35175500,0.55,1.10,-12.43
35179160,0.35,1.45,-12.12
35182832,0.24,0.71,-11.49
35186508,0.39,-0.20,-12.16
35190184,0.78,-1.49,-12.83
35193884,0.94,-1.96,-11.73
35197568,1.53,-2.04,-11.89
35201252,2.43,-2.35,-12.00
35204924,2.51,-3.18,-11.69
35208608,2.47,-3.26,-11.22
35212308,2.00,-3.73,-9.73
35215924,1.77,-3.37,-8.83
35219560,2.59,-2.82,-7.30
35223176,2.43,-1.14,-8.32
35226812,2.86,-0.08,-7.10
35230412,2.75,1.41,-7.53
35234020,2.75,1.96,-6.94
35237616,2.90,3.02,-6.86
35241212,3.22,4.04,-7.41
35244812,3.30,5.49,-7.22
35248420,2.59,6.90,-7.18
35252020,2.31,6.71,-8.98
35255616,4.82,9.53,-7.22
35259228,2.55,7.14,-9.18
35262836,2.31,6.32,-9.34
35266464,-1.80,5.45,-7.81
35270088,-0.16,4.79,-9.89
35273704,0.86,2.94,-9.81
35277304,0.86,2.28,-9.69
35280916,1.26,1.06,-11.02
35284580,1.02,-0.16,-10.83
35288260,1.22,-1.65,-10.83
35291952,1.33,-2.04,-11.41
35295628,1.10,-4.79,-11.65
35299308,1.37,-6.47,-12.20
35302996,-0.04,-8.04,-13.06
35306676,0.63,-9.57,-12.87
35310356,-0.08,-8.55,-10.43
35314048,0.90,-8.59,-10.24
35317720,1.26,-7.96,-9.10
35321340,2.12,-7.10,-10.00
35325012,2.31,-6.24,-9.38
35328632,2.43,-5.41,-8.83
35332256,2.90,-5.84,-9.45
35335872,2.94,-4.12,-8.75
35339512,2.94,-2.08,-9.26
35343128,2.94,-1.53,-8.79
35346756,2.55,-0.75,-8.28
35350384,2.47,0.20,-8.87
35353984,2.47,0.31,-9.34
35357588,2.16,1.37,-8.87
35361204,1.65,1.77,-9.65
35364820,1.22,1.65,-10.12
35368492,1.06,1.69,-10.83
35372160,0.82,1.18,-12.00
35375812,0.82,0.67,-12.43
35379476,0.20,0.59,-12.59
35383136,-0.16,0.35,-12.67
35386808,-0.24,0.00,-12.94
35390480,-0.39,0.12,-12.98
35394164,-0.63,0.16,-13.02
35397848,-0.75,0.24,-12.71
35401544,-0.82,0.31,-12.83
35405224,-0.90,-0.08,-12.67
35408908,-1.02,-0.71,-12.63
35412600,-1.14,-1.53,-12.51
35416300,-1.26,-2.35,-12.36
35420004,-1.14,-2.47,-12.20
35423704,-1.22,-2.71,-13.06
35427412,-0.82,-2.90,-12.98
35431096,-0.75,-2.55,-12.28
35434804,-0.75,-1.88,-12.32
35438524,-0.67,-0.82,-12.47
35442232,-0.47,0.31,-12.36
35445924,-0.35,1.80,-12.59
35449588,-0.16,2.86,-12.83
35453288,-0.04,2.82,-12.32
35456960,0.00,3.02,-13.30
35460584,0.00,2.71,-12.94
35464244,0.24,2.63,-12.98
35467912,0.31,2.35,-13.10
35471584,0.31,2.00,-13.14
35475240,0.35,1.65,-13.02
35478904,0.24,1.33,-13.14
35482576,0.16,0.82,-13.14
35486236,0.27,0.82,-12.91
35489900,0.20,0.55,-12.63
35493548,0.00,1.06,-11.69
35497192,-0.04,1.33,-10.83
35500872,-0.08,1.41,-10.28
35504556,-0.12,1.45,-10.16
35508248,0.16,1.45,-9.61
35511860,0.63,1.02,-9.49
35515460,0.59,0.94,-8.79
35519068,0.78,0.63,-8.47
35522676,0.90,0.51,-8.75
35526276,1.10,0.39,-8.43
35529884,1.14,0.31,-7.73
35533492,1.33,0.31,-7.41
35537108,1.61,0.20,-7.73
35540716,1.69,-0.75,-7.81
35544348,1.92,-0.78,-7.49
35547972,2.00,-1.02,-7.37
35551588,2.28,-1.18,-6.79
35555220,2.47,-0.55,-7.41
35558852,2.63,-0.51,-6.79
35562480,2.71,0.59,-7.49
35566096,3.02,0.82,-7.49
35569704,3.26,1.18,-7.92
35573316,3.18,1.29,-7.49
35576932,3.10,1.57,-7.53
35580540,3.33,1.33,-8.00
35584152,3.33,1.37,-8.47
35587760,3.10,1.22,-8.67
35591364,3.18,1.69,-9.30
35594968,2.90,1.49,-8.55
35598564,2.94,1.45,-8.75
35602164,2.55,1.29,-8.79
35605768,2.47,1.53,-9.57
35609380,2.35,0.98,-9.34
35612992,2.31,0.35,-9.53
35616600,2.39,0.08,-9.81
35620208,2.39,-0.12,-10.28
35623888,2.35,-0.59,-11.02
35627556,2.08,-1.14,-10.71
35631244,2.04,-1.29,-10.98
35634928,2.00,-1.61,-11.96
35638592,1.88,-1.84,-11.81
35642284,1.57,-1.65,-12.16
35645968,1.45,-1.84,-11.96
35649644,1.37,-1.18,-11.53
35653332,1.33,-0.63,-11.41
35657020,1.77,0.16,-11.30
35660680,1.65,0.67,-10.79
35664344,1.22,0.86,-10.20
35668004,1.57,2.82,-9.89
35671592,1.26,2.08,-10.00
35675260,1.41,2.39,-9.89
35678864,1.41,2.20,-10.32
35682544,1.33,1.14,-10.28
35686216,1.22,0.63,-10.32
35689880,1.18,0.55,-10.67
35693540,0.98,0.82,-10.00
35697188,1.18,0.12,-10.98
35700864,1.29,0.20,-11.02
35704532,1.49,0.24,-10.87
35708196,1.61,0.04,-10.40
35711848,1.53,0.00,-10.16
35715508,1.53,-0.27,-10.67
35719188,1.22,-2.86,-10.40
35722872,2.12,2.79,-10.00
35726540,1.73,0.20,-10.90
35730192,1.45,0.55,-11.61
35733876,1.41,0.12,-11.73
35737544,1.37,0.47,-11.38
35741216,1.45,0.35,-11.77
35744880,1.37,0.51,-11.10
35748544,1.37,0.47,-11.65
35752224,1.41,0.35,-10.59
35755896,1.41,0.04,-10.94
35759556,1.53,-0.31,-10.08
35763236,1.53,-0.94,-9.69
35766864,1.57,-1.22,-9.38
35770508,1.49,-1.10,-9.85
35774124,1.57,-1.61,-9.73
35777756,1.37,-1.57,-9.92
35781384,1.29,-1.57,-9.96
35785008,1.26,-1.65,-10.28
35788700,1.18,-0.90,-10.55
35792380,0.98,-0.75,-10.55
35796068,1.10,-0.39,-10.40
35799724,0.86,0.00,-10.59
35803364,0.71,0.47,-10.79
35807024,0.55,1.14,-11.38
35810688,0.59,1.49,-10.75
35814360,0.43,2.20,-11.18
35818020,0.51,2.16,-10.87
35821700,0.43,3.14,-11.30
35825372,0.20,2.71,-11.14
35829044,0.16,2.51,-10.90
35832708,-0.08,2.43,-11.10
35836380,-0.08,2.35,-11.69
35840068,-0.20,1.37,-11.89
35843744,0.04,0.94,-12.04
35847396,-0.04,0.43,-11.89
35851076,-0.08,0.04,-12.67
35854732,-0.20,-0.55,-11.96
35858436,-0.20,-1.61,-11.81
35862136,-0.24,-1.49,-12.24
35865848,-0.20,-1.61,-12.36
35869544,-0.16,-1.26,-12.28
35873268,-0.16,-1.41,-11.57
35876964,-0.04,-1.06,-11.34
35880652,0.04,-0.55,-11.14
35884328,0.31,0.04,-10.67
35887980,0.47,0.55,-10.36
35891648,0.78,1.33,-10.47
35895312,1.06,1.84,-9.85
35898916,1.10,2.79,-10.36
35902580,1.26,2.75,-9.77
35906192,1.49,2.39,-9.77
35909804,1.33,2.35,-9.53
35913420,1.26,2.20,-9.14
35917024,1.49,1.33,-9.14
35920632,1.69,0.63,-9.10
35924240,1.53,0.47,-8.79
35927852,1.45,-0.31,-8.87
35931488,1.37,-0.31,-9.57
35935116,1.57,-0.75,-9.10
35938744,1.57,-0.63,-9.53
35942368,1.73,-0.86,-9.30
35945992,1.69,-0.78,-9.77
35949604,1.45,-0.59,-9.65
35953228,1.41,0.31,-9.61
35956836,1.57,0.00,-9.96
35960432,1.69,0.16,-9.49
35964056,1.57,0.47,-9.65
35967652,1.57,0.67,-10.04
35971308,1.69,0.94,-9.14
35974920,1.69,1.06,-9.57
35978528,1.65,1.18,-9.41
35982140,1.57,1.37,-9.57
35985764,1.69,0.78,-9.34
35989372,1.53,0.94,-9.26
35992976,1.49,1.45,-10.00
35996636,1.49,1.53,-10.00
36000292,1.45,1.37,-9.96
36003904,1.14,1.33,-10.28
36007560,1.18,1.37,-10.51
36011228,1.06,1.77,-10.59
36014888,1.02,1.69,-11.22
36018552,1.26,1.77,-11.61
36022224,1.06,1.65,-11.45
36025888,1.14,1.45,-10.94
36029556,0.94,1.41,-11.85
36033220,0.98,1.41,-11.38
36036888,0.94,1.49,-11.14
36040552,0.78,1.88,-11.06
36044216,0.90,1.69,-11.06
36047876,0.94,2.12,-10.71
36051548,0.90,1.88,-10.83
36055208,0.86,2.20,-10.87
36058872,0.78,1.92,-10.43
36062532,0.82,1.53,-10.79
36066212,0.67,1.61,-10.28
36069884,0.78,1.14,-11.10
36073544,0.90,0.71,-11.26
36077204,1.02,0.16,-11.22
36080868,0.94,-0.16,-11.30
36084540,0.86,-0.71,-10.08
36088208,0.82,-0.55,-11.26
36091896,0.82,-0.67,-10.90
36095568,1.06,-0.78,-11.02
36099252,0.98,-1.33,-10.36
36102940,1.14,-1.22,-9.77
36106560,1.06,-1.14,-10.08
36110236,1.26,-0.78,-10.04
36113920,1.26,-0.31,-9.81
36117532,1.26,0.00,-9.85
36121116,1.33,0.31,-9.73
36124728,1.22,0.59,-9.38
36128332,1.29,0.94,-9.38
36131940,1.22,1.06,-9.53
36135548,1.26,0.98,-10.12
36139208,1.26,0.86,-10.43
36142876,1.18,0.86,-10.63
36146552,1.18,0.20,-10.59
36150216,1.22,0.12,-10.83
36153880,1.26,-0.43,-10.63
36157584,0.82,0.39,-10.71
36161260,1.26,-0.16,-10.98
36164948,0.98,-0.47,-10.83
36168628,0.86,-0.67,-10.83
36172300,0.86,-0.55,-10.79
36175976,0.94,-0.51,-11.26
36179660,0.90,-0.35,-10.59
36183328,1.06,-0.16,-10.28
36187008,0.98,-0.08,-10.24
36190684,0.90,-0.27,-10.20
36194344,0.82,0.00,-10.36
36197980,0.86,0.00,-10.83
36201636,0.67,-0.24,-10.28
36205316,0.75,-0.24,-10.04
36209000,0.63,-0.27,-10.55
36212676,0.67,-0.39,-10.40
36216348,0.55,-0.55,-10.40
36220040,0.63,-0.63,-10.71
36223720,0.55,-0.90,-10.67
36227404,0.63,-0.82,-10.20
36231088,0.55,-0.27,-10.79
36234768,0.59,0.08,-11.02
36238416,0.55,-0.16,-10.75
36242096,0.59,-0.04,-11.10
36245760,0.63,-0.12,-10.94
36249436,0.55,-0.04,-11.26
36253112,0.55,-0.20,-10.94
36256792,0.55,-0.16,-11.38
36260476,0.55,-0.08,-10.43
36264148,0.51,0.12,-10.04
36267804,0.67,-0.12,-9.65
36271424,0.55,0.39,-10.40
36275096,0.71,0.31,-9.92
36278708,0.82,0.51,-10.28
36282376,0.78,0.59,-10.20
36286036,0.94,0.78,-10.16
36289708,0.90,0.51,-10.04
36293352,0.86,0.67,-10.67
36297016,0.98,0.67,-10.36
36300676,0.90,0.51,-10.00
36304320,0.86,0.63,-10.79
36307988,0.90,0.59,-10.43
36311652,0.90,0.39,-10.71
36315316,0.82,0.86,-11.06
36318972,0.82,0.31,-10.87
36322632,0.82,0.35,-10.71
36326300,0.82,0.20,-10.98
36329968,0.82,0.12,-10.75
36333628,0.82,-0.16,-10.87
36337308,0.90,0.16,-10.67
36340968,0.94,0.12,-10.83
36344640,0.94,0.16,-10.24
36348312,0.90,0.39,-10.04
36351964,0.94,0.51,-9.92
36355572,0.94,0.82,-9.85
36359180,0.90,0.98,-9.96
36362760,0.82,1.14,-9.85
36366372,0.94,1.22,-9.96
36369976,0.86,1.33,-10.28
36373648,0.90,1.06,-10.63
36377312,0.94,0.90,-10.12
36380960,0.86,0.86,-9.96
36384544,0.82,0.55,-10.51
36388224,0.90,0.59,-10.75
36391892,0.75,0.27,-10.47
36395548,0.67,0.39,-10.59
36399204,0.67,0.35,-9.89
36402816,0.67,0.35,-10.20
36406476,0.63,0.55,-10.40
36410136,0.75,0.51,-10.00
36413808,0.71,0.51,-10.47
36417484,0.75,0.43,-9.69
36421100,0.82,0.08,-10.24
36424760,0.78,0.27,-9.81
36428364,0.94,0.16,-10.20
36432032,1.06,0.20,-10.00
36435680,0.98,-0.04,-10.24
36439348,1.10,0.16,-9.92
36442952,1.10,0.35,-10.75
36446624,0.94,0.12,-10.24
36450292,0.94,0.43,-10.55
36453956,0.86,0.51,-10.24
36457632,1.06,0.39,-10.79
36461288,0.98,0.86,-10.63
36464948,0.94,1.06,-11.14
36468608,0.98,1.10,-10.87
36472272,0.94,1.41,-10.63
36475940,1.02,2.08,-11.41
36479608,1.02,1.80,-11.10
36483260,0.98,1.49,-10.51
36486928,1.14,1.29,-10.90
36490576,1.14,0.82,-10.12
36494256,0.98,0.55,-10.20
36497916,0.98,0.59,-10.12
36501568,1.02,0.20,-9.92
36505160,1.06,0.08,-9.53
36508752,0.86,0.04,-9.77
36512352,1.02,0.08,-10.08
36515992,0.90,0.00,-9.89
36519564,0.94,0.04,-10.16
36523232,0.86,-0.04,-10.28
36526900,0.90,0.00,-10.24
36530552,0.78,-0.04,-10.51
36534232,0.78,-0.27,-10.51
36537928,0.78,0.24,-10.51
36541592,0.59,0.08,-10.51
36545248,0.51,0.08,-10.04
36548896,0.51,0.67,-10.87
36552552,0.67,0.82,-10.32
36556216,0.51,1.10,-10.16
36559892,0.51,1.57,-10.71
36563552,0.51,1.49,-10.47
36567236,0.47,1.57,-10.83
36570908,0.55,1.33,-10.94
36574572,0.55,1.10,-10.63
36578244,0.71,1.22,-10.94
36581928,0.59,0.39,-10.40
36585584,0.82,0.43,-11.02
36589244,0.82,0.12,-11.02
36592908,1.06,0.04,-10.43
36596564,0.90,-0.43,-10.63
36600244,0.86,-0.55,-10.55
36603940,1.06,-0.63,-10.75
36607620,0.94,-0.67,-10.47
36611300,0.98,-0.47,-10.90
36614968,0.98,-0.35,-10.67
36618632,0.98,0.00,-10.20
36622276,0.94,0.31,-9.92
36625888,1.02,0.82,-10.55
36629544,0.86,0.90,-9.96
36633124,0.82,1.02,-9.92
36636728,0.86,1.57,-10.04
36640392,0.75,1.33,-9.77
36644020,0.67,1.65,-10.24
36647680,0.71,1.26,-9.65
36651292,0.55,0.94,-10.00
36654940,0.51,0.71,-10.24
36658612,0.78,0.39,-9.85
36662228,0.51,0.16,-9.89
36665840,0.51,-0.12,-9.77
36669472,0.55,-0.43,-10.08
36673140,0.51,-0.59,-10.40
36676816,0.55,-0.59,-10.32
36680500,0.43,-0.35,-9.92
36684132,0.43,-0.51,-10.20
36687824,0.51,0.04,-10.32
36691488,0.43,0.04,-10.59
36695152,0.47,0.39,-10.67
36698812,0.51,0.43,-10.79
36702484,0.47,0.55,-11.06
36706148,0.47,0.43,-11.18
36709812,0.59,0.55,-11.57
36713484,0.51,0.78,-11.61
36717156,0.59,0.82,-11.85
36720832,0.51,0.90,-11.14
36724504,0.47,0.94,-11.45
36728164,0.51,1.45,-11.65
36731828,0.51,1.37,-11.77
36735496,0.51,1.65,-11.22
36739172,0.47,1.49,-10.75
36742828,0.51,1.61,-10.63
36746496,0.55,1.53,-10.83
36750164,0.31,1.29,-10.59
36753828,0.51,1.18,-10.00
36757496,0.47,1.26,-10.40
36761168,0.39,1.14,-10.20
36764840,0.43,0.94,-10.08
36768496,0.51,0.51,-10.28
36772164,0.43,0.43,-9.85
36775784,0.47,0.20,-9.81
36779396,0.47,0.08,-10.36
36783064,0.51,0.08,-10.16
36786720,0.55,-0.31,-9.92
36790340,0.39,-0.39,-9.65
36793964,0.47,-0.24,-10.47
36797652,0.35,-0.08,-10.24
36801304,0.71,0.00,-10.71
36804968,0.43,-0.04,-10.36
36808628,0.55,0.00,-10.59
36812276,0.51,0.08,-10.90
36815928,0.39,0.12,-10.55
36819588,0.35,0.27,-11.06
36823244,0.31,0.55,-10.90
36826912,0.24,0.86,-10.90
36830572,0.24,0.86,-10.98
36834240,0.24,0.90,-10.51
36837904,0.39,1.65,-10.87
36841568,0.43,1.41,-10.36
36845232,0.55,1.53,-10.87
36848904,0.51,1.57,-10.24
36852560,0.20,1.37,-10.79
36856228,0.27,1.29,-10.83
36859908,0.31,0.98,-10.75
36863572,0.39,0.71,-11.10
36867244,0.43,0.51,-10.98
36870916,0.31,0.20,-10.87
36874572,0.20,0.16,-10.98
36878232,0.20,0.16,-11.02
36881896,0.16,0.24,-10.94
36885564,0.20,0.43,-10.94
36889224,0.12,0.31,-10.71
36892892,0.08,0.51,-11.30
36896532,0.16,0.51,-11.02
36900216,0.16,0.75,-10.83
36903884,0.08,1.14,-10.55
36907536,0.24,1.33,-10.79
36911220,0.24,1.45,-10.90
36914884,0.31,1.45,-10.55
36918548,0.43,1.37,-10.47
36922228,0.39,1.29,-10.32
36925908,0.51,1.06,-10.12
36929572,0.47,1.06,-10.24
36933236,0.59,0.71,-10.08
36936900,0.51,0.43,-10.12
36940560,0.47,0.35,-10.28
36944240,0.71,0.35,-10.08
36947908,0.71,0.27,-10.20
36951556,0.75,0.27,-10.08
36955224,0.63,0.35,-10.12
36958892,0.78,0.31,-10.28
36962552,0.82,0.04,-10.08
36966212,0.75,0.51,-10.12
36969884,0.82,0.35,-10.32
36973536,1.33,0.51,-9.92
36977148,-0.35,1.10,-11.18
36980816,0.98,1.22,-9.77
36984432,-0.43,-2.35,-13.10
36988116,0.63,3.84,-10.79
36991792,0.47,1.80,-10.55
36995460,0.71,1.22,-10.75
36999124,1.22,0.82,-11.10
37002808,0.78,-0.08,-10.04
37006492,0.16,-0.51,-10.12
37010180,0.78,0.24,-10.08
37013840,0.51,0.31,-10.32
37017520,0.51,0.08,-10.04
37021188,0.43,0.12,-10.16
37024864,0.39,0.12,-9.85
37028464,0.71,0.04,-10.59
37032128,0.59,0.31,-10.16
37035804,0.47,0.24,-10.47
37039480,0.63,0.51,-10.94
37043140,0.63,0.63,-10.63
37046804,0.47,0.67,-10.94
37050476,0.35,0.78,-10.55
37054128,0.39,0.82,-10.67
37057800,0.35,0.98,-10.87
37061468,0.35,0.94,-10.87
37065124,0.39,0.67,-10.55
37068796,0.47,1.22,-10.94
37072472,0.51,0.90,-10.63
37076140,0.35,0.78,-10.55
37079800,0.43,0.67,-10.36
37083472,0.43,0.51,-10.43
37087144,0.51,0.39,-10.36
37090816,0.43,0.35,-10.67
37094484,0.55,0.12,-10.40
37098136,0.51,0.35,-10.28
37101800,0.47,0.27,-10.24
37105476,0.59,0.20,-10.51
37109132,0.59,0.35,-10.36
37112804,0.47,0.35,-10.20
37116472,0.67,0.59,-10.12
37120144,0.67,0.82,-10.47
37123800,0.59,0.82,-10.43
37127464,0.67,0.86,-10.79
37131120,0.55,0.98,-10.67
37134792,0.55,0.90,-11.06
37138456,0.51,1.02,-10.47
37142116,0.55,0.82,-10.55
37145792,0.51,1.22,-10.87
37149468,0.63,0.86,-10.24
37153140,0.59,0.78,-10.55
37156800,0.55,0.51,-10.51
37160468,0.47,0.67,-10.71
37164136,0.39,0.35,-10.59
37167800,0.63,0.39,-10.75
37171472,0.35,0.31,-11.14
37175132,0.55,0.31,-10.47
37178800,0.51,0.31,-10.47
37182480,0.43,0.31,-10.87
37186144,0.51,0.43,-10.55
37189820,0.63,0.16,-10.55
37193484,0.47,0.59,-10.16
37197152,0.55,0.90,-10.24
37200820,0.63,0.98,-10.04
37204480,0.63,0.94,-10.47
37208136,0.67,0.90,-10.24
37211796,0.47,0.75,-10.12
37215472,0.63,0.75,-10.32
37219152,0.59,0.78,-10.47
37222820,0.63,0.75,-10.47
37226480,0.55,0.75,-10.08
37230148,0.67,0.59,-10.36
37233820,0.63,0.90,-10.59
37237476,0.63,0.51,-10.16
37241140,0.63,0.75,-10.47
37244804,0.71,0.55,-10.32
37248480,0.63,0.94,-10.87
37252148,0.78,0.82,-10.51
37255804,0.59,0.82,-10.47
37259472,0.75,0.86,-10.43
37263136,0.71,0.75,-10.43
37266808,0.82,0.67,-10.36
37270480,0.63,0.75,-10.90
37274136,0.67,0.63,-10.40
37277792,0.63,0.55,-10.40
37281460,0.75,0.35,-10.51
37285128,0.67,0.39,-10.43
37288796,0.55,0.43,-10.67
37292460,0.67,0.27,-10.08
37296112,0.51,0.55,-10.83
37299796,0.63,0.35,-10.67
37303472,0.67,0.31,-10.94
37307128,0.55,0.59,-11.02
37310788,0.55,0.86,-10.63
37314456,0.51,1.06,-10.24
37318120,0.59,1.18,-10.67
37321788,0.67,1.37,-10.71
37325456,0.71,1.45,-10.71
37329120,0.71,1.53,-10.47
37332800,0.75,0.90,-10.16
37336472,0.75,0.47,-10.28
37340140,0.75,0.35,-10.32
37343824,0.78,0.12,-10.04
37347492,0.86,0.04,-9.77
37351084,0.78,0.08,-9.92
37354684,0.90,0.20,-9.73
37358288,0.78,0.24,-9.89
37361892,0.94,0.71,-9.77
37365488,0.82,0.75,-9.85
37369096,0.78,0.98,-10.28
37372760,0.82,1.02,-9.57
37376368,0.86,1.02,-9.65
37379968,0.82,0.86,-10.12
37383624,0.71,0.82,-10.67
37387296,0.47,0.47,-10.43
37390952,0.51,0.67,-10.55
37394620,0.31,0.55,-10.75
37398288,0.31,0.47,-10.75
37401964,0.24,0.67,-10.67
37405628,0.27,0.94,-10.87
37409288,0.12,0.94,-10.55
37412940,0.27,1.18,-11.10
37416584,0.00,1.18,-10.28
37420240,0.08,1.18,-10.40
37423904,0.12,0.90,-10.83
37427576,0.08,0.75,-10.71
37431240,0.04,0.55,-10.63
37434900,0.12,0.20,-10.51
37438568,0.08,-0.08,-10.83
37442228,0.24,-0.39,-10.59
37445908,0.24,-0.24,-11.10
37449584,0.27,-0.43,-10.36
37453264,0.24,-0.47,-10.40
37456940,0.31,-0.55,-10.87
37460624,0.39,-0.20,-10.47
37464304,0.47,-0.04,-10.04
37467984,0.39,0.31,-9.85
37471588,0.67,0.51,-9.96
37475196,0.67,0.71,-9.81
37478804,0.82,0.86,-10.00
37482460,0.82,1.06,-9.96
37486064,0.82,1.29,-10.47
37489732,0.86,0.94,-10.04
37493380,0.86,0.94,-10.32
37497044,0.94,0.59,-10.04
37500692,0.98,0.75,-9.92
37504304,0.94,0.59,-10.12
37507960,1.02,0.63,-10.24
37511624,1.06,0.47,-10.12
37515308,0.78,0.39,-10.36
37518972,0.78,0.27,-10.40
37522632,0.71,0.27,-10.08
37526288,0.71,0.24,-10.47
37529972,0.75,0.35,-10.16
37533644,0.71,0.35,-10.40
37537304,0.63,0.94,-10.47
37540968,0.59,0.43,-10.08
37544612,0.59,0.63,-9.96
37548220,0.67,0.86,-10.47
37551884,0.63,0.51,-10.36
37555572,0.67,0.90,-10.47
37559232,0.71,0.90,-10.36
37562892,0.75,1.02,-10.47
37566548,0.55,1.10,-10.75
37570200,0.51,1.14,-10.79
37573880,0.59,1.22,-11.02
37577532,0.55,1.49,-10.94
37581200,0.55,1.73,-10.94
37584880,0.63,1.96,-10.83
37588536,0.55,1.69,-10.83
37592212,0.51,1.57,-10.67
37595884,0.43,1.22,-10.47
37599556,0.43,1.29,-10.67
37603224,0.47,1.10,-10.59
37606888,0.67,0.86,-10.63
37610548,0.63,0.78,-10.59
37614208,0.63,0.78,-10.67
37617872,0.71,0.71,-10.32
37621540,0.63,0.75,-10.24
37625208,0.59,0.55,-10.28
37628880,0.71,0.67,-10.20
37632528,0.67,0.67,-10.55
37636200,0.55,0.78,-10.32
37639856,0.63,0.55,-9.89
37643460,0.55,0.51,-10.08
37647112,0.63,0.67,-10.43
37650776,0.71,0.59,-10.36
37654460,0.86,0.39,-9.96
37658052,0.63,0.59,-10.28
37661716,0.59,0.59,-10.43
37665376,0.59,0.47,-10.43
37669048,0.63,0.43,-10.43
37672712,0.59,0.43,-10.28
37676372,0.63,0.55,-10.00
37680044,0.59,0.20,-9.38
37683648,0.43,0.43,-9.45
37687248,0.39,0.63,-9.69
37690864,0.51,0.16,-9.81
37694472,0.47,0.35,-10.04
37698124,0.63,0.51,-10.36
37701800,0.63,0.16,-10.36
37705472,0.55,0.24,-10.36
37709152,0.47,0.12,-10.67
37712832,0.47,0.20,-10.71
37716488,0.47,0.08,-10.94
37720144,0.39,0.04,-11.02
37723796,0.31,0.20,-11.34
37727464,0.43,0.31,-11.34
37731136,0.39,0.47,-10.87
37734796,0.35,0.63,-11.26
37738460,0.43,1.14,-10.83
37742136,0.43,0.90,-11.18
37745796,0.47,0.71,-10.83
37749464,0.51,0.98,-10.79
37753124,0.51,1.14,-11.41
37756796,0.43,1.18,-10.87
37760460,0.55,1.29,-11.10
37764128,0.55,1.26,-10.87
37767800,0.67,1.26,-10.20
37771464,0.71,1.18,-11.10
37775124,0.55,1.33,-10.75
37778800,0.59,1.45,-11.41
37782468,0.55,1.18,-11.02
37786124,0.59,1.33,-11.22
37789784,0.67,1.41,-10.90
37793452,0.63,1.26,-10.67
37797120,0.63,1.45,-9.96
37800716,0.55,1.33,-9.96
37804328,0.63,1.14,-9.81
37807936,0.71,1.10,-9.26
37811532,0.71,0.82,-8.90
37815124,1.02,0.59,-9.57
37818740,0.78,0.31,-9.57
37822348,0.94,0.12,-9.92
37825952,0.86,0.04,-9.30
37829548,1.06,-0.08,-9.77
37833168,0.98,-0.12,-9.41
37836784,1.02,-0.20,-9.85
37840396,0.94,0.00,-9.85
37844004,1.02,0.12,-10.20
37847656,1.10,0.31,-10.12
37851336,0.86,0.94,-10.71
37855000,0.90,0.63,-10.51
37858668,0.94,1.26,-10.47
37862344,0.94,1.37,-10.16
37866016,0.86,1.29,-10.24
37869684,0.90,1.41,-10.51
37873344,0.63,1.29,-10.32
37877016,0.75,1.18,-10.75
37880680,0.67,1.02,-10.36
37884344,0.63,1.02,-11.06
37888012,0.75,0.86,-10.63
37891676,0.63,0.75,-10.55
37895348,0.63,1.29,-10.94
37899020,0.59,0.82,-11.02
37902672,0.67,0.82,-10.40
37906348,0.55,0.59,-10.47
37910016,0.59,1.02,-11.02
37913672,0.59,1.10,-10.83
37917336,0.59,1.10,-10.20
37920996,0.51,1.45,-10.24
37924656,0.55,1.65,-10.43
37928328,0.59,1.41,-10.24
37932000,0.59,1.26,-10.40
37935664,0.67,1.02,-10.55
37939340,0.59,1.22,-10.79
37943012,0.55,0.55,-9.73
37946616,0.63,0.71,-10.12
37950280,0.55,0.63,-10.16
37953964,0.78,0.35,-10.55
37957632,0.86,0.31,-10.16
37961296,0.98,0.24,-10.20
37964976,0.90,0.31,-10.12
37968636,0.90,0.39,-9.77
37972236,0.98,0.55,-10.12
37975892,0.86,0.59,-10.16
37979556,0.94,0.63,-10.00
37983204,0.86,0.63,-9.96
37986820,0.90,0.82,-10.55
37990472,0.67,0.90,-10.98
37994120,0.63,1.06,-10.55
37997780,0.47,1.41,-11.14
38001452,0.47,1.53,-10.75
38005120,0.47,1.26,-10.87
38008792,0.43,1.53,-11.06
38012452,0.24,1.96,-10.94
38016120,0.08,2.00,-10.51
38019768,0.04,1.96,-10.83
38023420,0.00,2.12,-11.06
38027072,0.08,1.84,-10.43
38030736,0.08,1.45,-10.98
38034408,0.04,0.90,-10.36
38038048,0.00,0.43,-10.90
38041688,0.04,0.20,-10.71
38045328,0.00,0.12,-11.30
38048980,0.08,0.08,-11.14
38052620,0.12,0.00,-10.87
38056236,0.00,0.00,-10.98
38059868,0.24,0.47,-11.34
38063536,0.24,0.59,-10.87
38067212,0.35,0.94,-10.40
38070864,0.51,1.33,-9.89
38074472,0.47,1.61,-10.67
38078132,0.67,1.96,-10.36
38081800,0.82,1.96,-10.12
38085464,0.82,1.69,-10.32
38089128,0.94,1.45,-10.00
38092776,0.82,0.86,-9.45
38096384,1.02,1.14,-9.73
38100008,0.98,0.67,-9.77
38103600,1.02,0.71,-10.08
38107256,1.14,0.43,-9.89
38110864,1.14,0.39,-10.24
38114524,1.18,0.35,-9.77
38118128,1.26,0.63,-10.28
38121808,1.14,0.47,-9.92
38125412,1.10,0.51,-9.85
38129020,1.06,0.51,-9.77
38132624,1.06,0.55,-9.73
38136224,1.06,0.75,-9.92
38139836,0.78,0.67,-10.00
38143484,0.94,0.82,-10.24
38147160,0.90,0.94,-9.96
38150760,0.75,1.33,-10.08
38154432,0.75,1.41,-10.32
38158108,0.71,1.65,-10.36
38161784,0.63,1.84,-10.79
38165448,0.59,1.65,-10.98
38169112,0.47,1.37,-10.75
38172776,0.35,1.26,-10.43
38176452,0.16,0.94,-10.75
38180116,0.16,0.55,-11.18
38183780,0.16,0.55,-11.22
38187448,0.16,0.24,-11.65
38191124,0.31,0.08,-11.30
38194776,0.27,0.20,-11.38
38198448,0.27,0.24,-10.79
38202104,0.27,0.55,-11.53
38205760,0.27,0.55,-10.90
38209432,0.24,0.31,-11.02
38213100,0.47,0.59,-10.90
38216760,0.51,0.43,-11.02
38220420,0.51,0.39,-10.75
38224076,0.63,0.71,-10.90
38227748,0.55,0.51,-10.67
38231420,0.51,0.75,-10.51
38235092,0.78,0.78,-10.32
38238752,0.63,0.75,-10.04
38242416,0.63,0.94,-9.73
38246020,0.75,0.90,-10.00
38249660,0.82,0.86,-9.69
38253256,0.82,0.86,-10.32
38256916,0.78,0.86,-10.12
38260572,0.67,0.51,-9.92
38264180,0.75,0.67,-9.92
38267792,0.90,0.67,-10.24
38271452,0.75,0.82,-10.08
38275116,0.86,0.78,-10.28
38278780,0.98,0.82,-10.40
38282432,0.82,0.63,-10.04
38286088,0.86,0.90,-10.04
38289748,0.59,0.82,-9.92
38293360,0.78,0.82,-9.85
38296972,0.78,0.63,-10.47
38300632,0.86,0.90,-9.69
38304228,0.59,1.02,-9.61
38307852,0.59,0.86,-9.77
38311436,0.63,0.86,-10.12
38315112,0.47,0.75,-10.79
38318776,0.43,0.67,-10.90
38322436,0.43,0.55,-10.51
38326104,0.47,0.82,-11.53
38329772,0.39,0.78,-10.55
38333436,0.31,1.10,-11.14
38337120,0.43,1.18,-10.63
38340800,0.51,1.14,-10.83
38344468,0.47,1.33,-10.63
38348148,0.35,1.22,-10.98
38351828,0.47,1.41,-11.06
38355476,0.59,1.26,-10.75
38359160,0.43,1.14,-10.94
38362828,0.55,0.71,-10.71
38366496,0.39,0.51,-10.83
38370164,0.51,0.24,-10.47
38373840,0.51,0.39,-10.71
38377504,0.51,0.59,-10.87
38381180,0.39,0.71,-11.02
38384848,0.63,0.59,-10.98
38388500,0.51,0.82,-10.87
38392176,0.67,0.78,-11.10
38395844,0.55,0.71,-10.87
38399504,0.59,0.63,-10.28
38403168,0.59,0.63,-10.63
38406832,0.63,0.51,-10.20
38410480,0.63,0.43,-10.08
38414124,0.63,0.27,-9.57
38417736,0.67,0.55,-9.92
38421332,0.51,0.55,-9.69
38424948,0.67,0.59,-9.49
38428556,0.59,0.90,-9.77
38432156,0.75,1.02,-9.26
38435764,0.75,0.98,-9.34
38439368,0.86,0.67,-9.89
38442980,0.86,0.47,-9.77
38446584,0.78,0.67,-9.69
38450188,0.63,0.78,-10.24
38453864,0.75,0.51,-9.92
38457468,0.55,0.43,-10.16
38461144,0.63,0.20,-10.51
38464804,0.63,0.27,-10.40
38468456,0.63,0.31,-10.28
38472144,0.78,0.16,-10.71
38475824,0.55,0.35,-10.87
38479476,0.63,-0.04,-10.51
38483160,0.55,0.27,-10.55
38486832,0.55,0.31,-11.10
38490492,0.55,0.43,-11.30
38494160,0.55,0.43,-11.38
38497824,0.51,0.55,-11.30
38501484,0.47,0.59,-10.94
38505140,0.51,1.06,-11.10
38508800,0.51,1.14,-10.63
38512456,0.55,1.45,-10.40
38516120,0.59,1.49,-10.20
38519780,0.75,1.26,-10.40
38523448,0.59,1.02,-10.47
38527112,0.51,1.18,-10.55
38530792,0.55,0.51,-10.51
38534448,0.51,0.27,-10.20
38538096,0.55,0.55,-10.83
38541764,0.55,0.35,-10.59
38545440,0.67,0.35,-10.79
38549104,0.71,0.35,-10.47
38552768,0.51,0.35,-10.63
38556428,0.55,0.51,-10.20
38560100,0.51,0.63,-10.59
38563764,0.51,0.86,-10.67
38567432,0.51,0.94,-10.63
38571092,0.43,1.10,-10.32
38574748,0.35,1.26,-10.43
38578416,0.51,1.41,-10.47
38582092,0.47,1.33,-10.16
38585756,0.51,1.80,-10.63
38589416,0.55,1.37,-10.40
38593100,0.43,1.33,-10.32
38596788,0.47,0.90,-10.32
38600436,0.82,0.59,-10.28
38604104,0.71,0.47,-10.47
38607760,0.71,0.39,-9.81
38611376,0.78,0.24,-10.28
38615040,0.94,0.27,-10.40
38618696,0.86,-0.04,-9.96
38622316,0.94,0.55,-10.47
38625988,0.86,0.43,-10.32
38629652,1.02,0.67,-10.28
38633308,0.98,1.02,-10.16
38636976,0.86,0.78,-9.38
38640580,0.86,0.75,-10.00
38644236,0.86,0.90,-10.04
38647880,0.75,1.10,-9.96
38651484,0.55,1.06,-10.20
38655152,0.55,0.98,-10.71
38658832,0.51,0.86,-10.40
38662488,0.55,0.67,-10.79
38666160,0.39,0.82,-10.32
38669828,0.51,0.94,-10.08
38673484,0.47,0.71,-10.47
38677152,0.31,1.02,-10.43
38680816,0.27,0.98,-10.67
38684472,0.24,0.67,-10.47
38688140,0.27,1.29,-11.02
38691808,0.24,0.78,-10.87
38695464,0.35,1.10,-10.63
38699144,0.12,1.06,-11.10
38702808,0.24,1.14,-10.79
38706472,0.12,1.10,-11.10
38710144,0.20,0.98,-10.67
38713816,0.35,0.90,-10.90
38717468,0.12,1.02,-10.83
38721148,0.20,0.78,-11.10
38724808,0.24,0.59,-10.83
38728464,0.24,1.10,-11.06
38732132,0.24,0.98,-10.79
38735804,0.24,0.55,-10.47
38739456,0.27,0.55,-10.75
38743136,0.24,0.20,-10.67
38746808,0.47,0.16,-10.16
38750464,0.51,0.20,-10.63
38754132,0.63,0.16,-10.36
38757804,0.59,0.31,-10.08
38761456,0.59,0.16,-10.04
38765120,0.63,0.20,-10.12
38768792,0.63,0.71,-10.43
38772444,0.63,0.59,-9.96
38776044,0.63,0.63,-10.12
38779720,0.55,1.06,-10.55
38783388,0.67,0.78,-10.67
38787048,0.82,0.78,-10.12
38790732,0.39,0.67,-9.96
38794340,0.63,0.82,-10.04
38797996,0.55,0.78,-10.32
38801652,0.59,0.71,-10.00
38805304,0.55,0.67,-10.55
38808972,0.51,0.63,-10.28
38812644,0.59,0.43,-10.04
38816300,0.63,0.63,-10.40
38819980,0.67,0.43,-10.28
38823640,0.59,0.27,-10.59
38827304,0.55,0.55,-10.36
38830976,0.47,0.71,-10.59
38834648,0.51,0.94,-10.94
38838316,0.43,1.02,-11.18
38841980,0.51,1.37,-11.18
38845648,0.43,1.57,-10.63
38849312,0.55,1.49,-11.34
38852984,0.55,1.53,-11.02
38856644,0.47,1.37,-10.63
38860312,0.47,1.69,-10.83
38863992,0.43,1.22,-10.59
38867656,0.55,1.22,-10.32
38871324,0.55,1.33,-10.59
38874984,0.67,0.82,-10.36
38878656,0.39,0.59,-10.04
38882316,0.63,0.55,-10.67
38885988,0.47,0.47,-10.20
38889648,0.59,0.43,-9.89
38893256,0.43,0.55,-10.16
38896920,0.51,0.59,-10.87
38900584,0.51,0.67,-10.36
38904252,0.43,0.82,-10.28
38907916,0.51,0.86,-11.02
38911580,0.43,0.82,-10.47
38915260,0.39,0.78,-10.75
38918920,0.43,0.71,-10.47
38922604,0.39,0.71,-10.63
38926268,0.39,0.82,-10.47
38929928,0.47,1.06,-10.83
38933592,0.51,1.18,-10.83
38937264,0.67,1.14,-10.28
38940944,0.55,1.26,-10.71
38944620,0.43,1.18,-10.28
38948296,0.47,1.14,-10.40
38951976,0.59,1.14,-10.28
38955640,0.55,0.55,-10.04
38959308,0.47,0.43,-10.40
38962980,0.51,0.39,-10.67
38966648,0.35,0.35,-10.51
38970320,0.47,0.47,-10.55
38973984,0.31,0.43,-10.24
38977660,0.39,0.47,-10.24
38981316,0.43,0.59,-10.79
38984984,0.39,0.90,-10.36
38988644,0.47,1.26,-10.47
38992312,0.39,1.14,-10.24
38995996,0.43,1.29,-10.75
38999668,0.39,1.37,-10.79
39003348,0.35,0.82,-10.40
39007012,0.31,0.71,-10.08
39010680,0.24,0.59,-10.63
39014352,0.43,0.43,-11.30
39018012,0.55,0.47,-10.94
39021680,0.67,0.24,-10.59
39025344,0.63,0.31,-10.43
39029012,0.71,0.35,-10.90
39032664,0.86,0.27,-10.24
39036328,0.82,0.16,-10.12
39039984,0.71,0.63,-10.12
39043656,0.86,1.02,-10.08
39047312,0.75,0.82,-9.81
39050920,0.75,1.53,-10.04
39054584,0.78,1.02,-9.41
39058184,0.75,0.86,-9.89
39061792,0.63,1.26,-9.61
39065396,0.67,1.18,-9.73
39069008,0.59,0.86,-9.73
39072616,0.47,0.78,-10.08
39076276,0.55,0.78,-10.24
39079952,0.39,0.86,-10.28
39083628,0.43,0.90,-10.63
39087296,0.24,1.06,-10.40
39090964,0.27,0.94,-10.43
39094636,0.27,1.06,-10.71
39098300,0.16,1.49,-10.75
39101972,0.04,1.49,-10.94
39105636,0.16,1.73,-10.87
39109296,0.16,1.61,-10.79
39112968,0.04,1.41,-11.45
39116624,0.31,1.18,-10.98
39120296,0.16,1.22,-11.69
39123976,0.04,1.02,-11.73
39127636,0.12,0.90,-11.49
39131300,0.12,0.78,-11.26
39134964,0.12,0.67,-11.22
39138632,0.27,0.31,-11.14
39142296,0.24,0.51,-10.63
39145972,0.24,0.55,-10.79
39149628,0.51,0.71,-10.87
39153284,0.51,0.27,-10.08
39156952,0.47,0.75,-10.20
39160620,0.75,0.78,-10.12
39164288,0.51,0.78,-9.89
39167908,0.47,0.51,-9.65
39171504,0.67,0.67,-9.34
39175120,0.75,0.59,-9.69
39178728,0.67,0.51,-9.45
39182336,0.59,0.47,-9.53
39185956,0.63,0.35,-10.20
39189612,0.51,0.47,-10.63
39193272,0.55,0.67,-10.47
39196948,0.55,0.67,-10.51
39200616,0.47,0.71,-10.75
39204288,0.43,0.71,-10.24
39207972,0.63,0.75,-10.59
39211640,0.47,1.06,-10.32
39215304,0.39,0.82,-10.24
39218968,0.31,0.82,-10.20
39222644,0.39,0.82,-10.12
39226308,0.39,0.82,-10.40
39229972,0.43,0.75,-10.36
39233640,0.39,0.63,-10.40
39237296,0.31,0.43,-10.28
39240968,0.20,0.12,-10.63
39244632,0.20,0.39,-10.98
39248284,0.20,0.67,-10.63
39251944,0.20,0.67,-10.67
39255616,0.16,0.67,-10.87
39259292,0.12,0.86,-10.71
39262960,0.35,1.22,-10.36
39266640,0.31,1.14,-10.75
39270332,0.20,1.33,-10.51
39273992,0.27,1.33,-10.36
39277672,0.31,1.29,-10.40
39281348,0.31,1.26,-10.36
39285024,0.31,1.02,-10.63
39288700,0.39,0.98,-10.43
39292376,0.43,0.94,-10.67
39296048,0.39,0.98,-10.40
39299712,0.39,0.43,-10.63
39303388,0.31,0.39,-10.67
39307064,0.16,0.51,-10.67
39310732,0.27,0.47,-10.75
39314404,0.35,0.39,-10.59
39318060,0.27,0.63,-11.10
39321716,0.27,0.67,-10.43
39325384,0.24,0.98,-10.47
39329040,0.43,1.18,-10.94
39332712,0.35,0.90,-10.47
39336376,0.47,1.26,-10.59
39340044,0.51,1.18,-10.79
39343724,0.43,0.55,-10.36
39347384,0.59,0.71,-10.08
39351036,0.67,0.63,-10.67
39354704,0.59,0.31,-10.51
39358380,0.63,0.24,-10.04
39362044,0.55,0.39,-10.12
39365700,0.51,0.47,-9.38
39369316,0.59,0.51,-10.20
39372972,0.71,0.71,-9.77
39376576,0.63,1.22,-9.73
39380180,0.71,0.98,-10.16
39383840,0.71,1.14,-10.28
39387512,0.63,1.14,-10.36
39391188,0.63,0.78,-10.63
39394856,0.47,0.51,-10.87
39398524,0.43,0.24,-10.98
39402184,0.47,0.31,-10.75
39405852,0.24,0.39,-11.02
39409516,0.39,0.47,-10.83
39413176,0.51,0.67,-10.83
39416848,0.47,0.67,-11.06
39420508,0.35,0.82,-10.67
39424180,0.31,0.82,-10.87
39427840,0.31,0.98,-10.98
39431496,0.31,1.18,-10.90
39435172,0.47,1.10,-10.59
39438844,0.43,1.22,-10.79
39442512,0.51,0.94,-10.40
39446164,0.55,1.06,-10.20
39449820,0.63,0.86,-9.85
39453420,0.39,0.75,-9.92
39457024,0.59,0.35,-10.24
39460700,0.75,0.39,-10.40
39464372,0.78,0.27,-10.55
39468028,0.59,0.51,-10.36
39471704,0.63,0.63,-10.24
39475380,0.71,0.35,-9.53
39478980,0.71,0.71,-10.36
39482648,0.71,0.55,-10.00
39486304,0.75,0.55,-9.77
39489924,0.67,1.22,-10.40
39493600,0.75,0.78,-10.12
39497284,0.78,0.94,-10.04
39500952,0.55,0.94,-9.92
39504544,0.82,0.86,-10.71
39508200,0.67,0.86,-10.63
39511860,0.59,0.90,-10.75
39515524,0.59,0.75,-10.51
39519184,0.51,0.82,-10.83
39522852,0.51,0.75,-10.24
39526516,0.55,0.82,-10.08
39530172,0.55,1.02,-10.36
39533828,0.59,1.10,-10.36
39537488,0.51,0.86,-10.47
39541152,0.63,0.86,-10.20
39544812,0.71,0.90,-10.51
39548472,0.90,0.82,-10.28
39552132,0.75,0.86,-10.67
39555800,0.94,0.82,-10.28
39559456,0.94,0.86,-10.20
39563116,1.02,0.67,-10.90
39566780,0.94,0.59,-10.32
39570440,1.02,0.63,-10.47
39574112,0.98,0.98,-10.98
39577792,0.98,0.27,-10.12
39581452,0.86,0.47,-10.36
39585128,0.78,0.55,-10.16
39588796,0.71,0.39,-10.28
39592452,0.55,0.35,-10.67
39596116,0.59,0.16,-10.71
39599780,0.59,0.31,-10.79
39603432,0.55,0.12,-10.47
39607112,0.39,0.20,-10.79
39610788,0.39,0.16,-10.20
39614444,0.31,0.39,-10.40
39618116,0.35,0.98,-10.32
39621792,0.35,0.71,-10.28
39625468,0.27,0.86,-10.51
39629132,0.35,0.55,-10.36
39632796,0.27,0.78,-10.87
39636464,0.20,0.55,-10.43
39640124,0.20,0.59,-10.36
39643792,0.08,0.55,-11.06
39647436,0.31,0.55,-11.10
39651112,0.31,0.43,-11.06
39654784,0.35,0.47,-10.94
39658432,0.31,0.63,-11.06
39662104,0.35,0.43,-10.67
39665776,0.31,0.82,-10.59
39669432,0.35,0.98,-11.02
39673108,0.47,0.78,-10.90
39676776,0.39,0.78,-10.47
39680432,0.31,0.55,-10.67
39684116,0.47,0.75,-10.47
39687788,0.27,0.39,-11.10
39691444,0.31,0.59,-10.51
39695108,0.43,0.51,-10.51
39698784,0.47,0.51,-10.12
39702444,0.27,0.27,-10.28
39706112,0.39,0.20,-10.04
39709764,0.39,0.27,-9.85
39713356,0.27,0.08,-9.89
39716952,0.47,0.63,-10.00
39720600,0.59,0.51,-10.12
39724256,0.55,1.06,-10.00
39727916,0.63,1.10,-10.04
39731576,0.63,1.06,-9.85
39735176,0.63,0.82,-9.96
39738784,0.59,1.06,-9.81
39742384,0.51,0.82,-10.16
39746048,0.63,1.10,-10.67
39749704,0.51,1.06,-10.47
39753364,0.51,1.06,-10.75
39757024,0.51,1.26,-10.47
39760696,0.55,1.18,-10.79
39764364,0.51,1.33,-10.59
39768040,0.43,1.06,-10.55
39771704,0.43,1.06,-10.75
39775380,0.55,0.78,-10.87
39779040,0.43,0.71,-10.90
39782704,0.43,0.75,-11.18
39786376,0.39,0.43,-11.06
39790032,0.39,0.55,-11.41
39793704,0.35,0.59,-10.87
39797368,0.43,0.63,-10.75
39801040,0.35,0.71,-10.43
39804712,0.20,0.78,-10.75
39808376,0.31,0.82,-10.90
39812040,0.31,1.26,-11.45
39815716,0.43,0.90,-10.79
39819368,0.39,1.29,-10.98
39823024,0.43,1.06,-10.28
39826684,0.43,1.41,-11.14
39830360,0.51,0.90,-10.59
39834012,0.51,1.18,-10.67
39837676,0.59,1.14,-10.24
39841356,0.67,1.18,-10.12
39845040,0.55,1.18,-10.51
39848704,0.67,1.18,-9.96
39852324,0.67,1.29,-10.04
39855988,0.78,1.06,-9.65
39859588,0.59,0.51,-9.57
39863192,0.63,0.35,-8.94
39866792,0.67,0.55,-9.14
39870388,0.55,0.27,-9.65
39873992,0.63,0.31,-10.24
39877680,0.59,0.24,-10.36
39881348,0.55,-0.12,-9.45
39884976,0.55,0.08,-10.08
39888628,0.59,0.04,-10.36
39892292,0.43,0.35,-10.24
39895956,0.47,0.16,-10.36
39899628,0.51,0.39,-10.71
39903300,0.51,0.63,-10.28
39906972,0.55,0.78,-10.63
39910628,0.51,1.02,-10.79
39914308,0.55,1.10,-10.71
39917972,0.55,1.06,-10.63
39921632,0.55,0.71,-10.79
39925312,0.51,0.98,-11.10
39928976,0.43,0.75,-10.98
39932648,0.27,0.39,-10.55
39936320,0.24,0.47,-10.94
39939976,0.27,0.35,-10.75
39943656,0.35,0.59,-10.71
39947324,0.35,0.71,-10.79
39950988,0.39,0.67,-10.79
39954656,0.51,0.67,-10.51
39958328,0.55,0.39,-10.20
39961984,0.51,0.98,-10.75
39965656,0.47,1.14,-10.24
39969328,0.67,1.22,-10.32
39973004,0.63,1.06,-10.08
39976668,0.75,1.06,-10.43
39980352,0.47,0.98,-10.12
39984004,0.59,0.55,-10.00
39987660,0.63,0.67,-10.40
39991340,0.71,0.63,-10.51
39995000,0.86,0.51,-10.63
39998672,0.82,0.39,-10.40
40002340,0.82,0.31,-10.24
40006008,0.86,0.08,-10.24
40009676,0.78,0.43,-10.32
40013348,0.90,0.86,-10.40
40016992,0.82,1.02,-10.59
40020656,0.82,0.63,-10.36
40024328,0.78,0.78,-9.96
40027924,0.67,1.10,-9.69
40031528,0.63,0.90,-9.96
40035128,0.90,1.02,-10.43
40038780,0.59,1.02,-10.08
40042428,0.67,1.02,-10.12
40046088,0.71,0.98,-9.65
40049700,0.63,0.90,-10.16
40053360,0.55,0.94,-10.12
40057028,0.47,0.63,-10.20
40060684,0.55,0.94,-10.67
40064368,0.43,0.35,-10.63
40068032,0.35,0.43,-10.55
40071684,0.51,0.51,-10.63
40075352,0.39,0.59,-10.98
40079004,0.47,0.55,-10.94
40082672,0.43,0.75,-10.83
40086348,0.43,0.63,-10.87
40090016,0.47,0.75,-10.63
40093676,0.51,0.75,-11.30
40097360,0.47,0.55,-10.47
40101020,0.55,0.51,-11.02
40104684,0.39,0.24,-10.71
40108352,0.35,0.47,-10.55
40112016,0.47,0.24,-10.67
40115688,0.35,0.59,-11.30
40119352,0.31,0.59,-10.98
40123016,0.39,0.35,-10.55
40126680,0.27,0.35,-10.28
40130344,0.59,0.55,-9.81
40133948,0.51,0.78,-10.32
40137616,0.55,0.86,-10.24
40141292,0.59,0.94,-10.71
40144952,0.55,0.94,-9.92
40148552,0.59,0.98,-10.28
40152232,0.59,0.90,-10.28
40155896,0.51,0.63,-9.96
40159496,0.47,0.55,-9.96
40163104,0.47,0.71,-10.20
40166772,0.43,0.59,-10.71
40170432,0.47,0.24,-10.71
40174096,0.47,0.27,-10.16
40177768,0.47,0.20,-10.43
40181416,0.47,0.47,-10.40
40185088,0.47,0.47,-10.59
40188752,0.47,0.71,-10.67
40192412,0.47,0.71,-10.83
40196088,0.47,0.82,-10.40
40199760,0.47,0.59,-10.51
40203424,0.51,0.24,-9.85
40207012,0.51,0.51,-9.85
40210632,0.47,0.67,-10.59
40214304,0.39,0.90,-10.04
40217960,0.55,0.63,-10.28
40221624,0.47,1.02,-10.59
40225276,0.51,0.63,-10.43
40228940,0.59,0.63,-10.63
40232592,0.43,0.59,-9.92
40236200,0.39,0.82,-10.47
40239864,0.47,0.63,-10.63
40243524,0.39,0.82,-10.28
40247184,0.43,0.86,-10.12
40250864,0.47,0.94,-11.14
40254524,0.47,1.06,-10.51
40258180,0.47,0.98,-10.51
40261836,0.47,1.02,-10.55
40265496,0.51,1.33,-10.71
40269176,0.39,1.37,-10.28
40272848,0.59,1.37,-10.24
40276516,0.47,1.18,-10.47
40280188,0.55,0.90,-10.40
40283836,0.63,0.90,-10.40
40287496,0.47,0.47,-10.32
40291168,0.43,0.31,-10.36
40294840,0.47,0.24,-10.55
40298512,0.55,0.47,-10.55
40302176,0.51,0.67,-10.87
40305848,0.47,0.86,-10.79
40309500,0.55,0.51,-10.40
40313168,0.39,0.75,-10.71
40316844,0.51,0.78,-10.04
40320508,0.39,1.22,-10.28
40324176,0.39,1.02,-10.24
40327828,0.39,1.22,-10.55
40331496,0.55,1.33,-10.12
40335168,0.55,1.06,-10.47
40338828,0.47,1.14,-10.12
40342496,0.55,0.86,-10.24
40346164,0.39,0.67,-10.32
40349836,0.43,0.67,-10.90
40353504,0.31,0.75,-10.40
40357176,0.47,0.35,-10.63
40360844,0.55,0.24,-10.71
40364512,0.43,0.39,-10.51
40368184,0.51,0.47,-10.40
40371836,0.39,0.55,-10.87
40375504,0.47,0.75,-10.90
40379160,0.55,0.86,-10.43
40382832,0.63,0.86,-10.79
40386488,0.59,0.98,-10.43
40390140,0.59,0.59,-9.96
40393752,0.39,1.10,-10.28
40397420,0.47,0.63,-10.55
40401080,0.55,0.82,-10.87
40404744,0.55,0.71,-10.67
40408408,0.51,0.78,-10.59
40412080,0.47,0.59,-10.51
40415760,0.39,0.35,-10.47
40419412,0.55,0.78,-10.51
40423072,0.51,0.71,-10.55
40426752,0.43,0.82,-10.32
40430412,0.39,0.98,-10.79
40434076,0.47,0.82,-10.59
40437740,0.47,0.71,-10.32
40441408,0.47,0.98,-10.24
40445080,0.55,0.82,-10.43
40448748,0.55,0.51,-10.04
40452400,0.47,0.47,-10.71
40456072,0.51,0.59,-10.36
40459744,0.59,0.12,-10.51
40463404,0.51,0.16,-10.24
40467072,0.51,0.12,-10.24
40470744,0.51,0.12,-10.47
40474396,0.55,0.24,-10.28
40478080,0.51,0.39,-10.12
40481748,0.51,0.47,-10.24
40485400,0.55,0.94,-10.16
40489072,0.43,1.02,-10.63
40492732,0.51,1.22,-10.67
40496404,0.47,1.18,-10.20
40500072,0.47,1.10,-10.32
40503744,0.43,1.26,-10.51
40507408,0.55,1.14,-11.02
40511068,0.59,1.14,-10.00
40514744,0.43,0.94,-10.28
40518396,0.51,0.82,-10.28
40522072,0.51,0.82,-10.04
40525748,0.55,0.43,-10.36
40529404,0.59,0.31,-10.24
40533072,0.63,0.98,-10.63
40536736,0.51,0.47,-10.51
40540384,0.67,0.55,-10.40
40544056,0.59,0.63,-10.32
40547720,0.63,0.71,-10.43
40551384,0.78,0.94,-10.59
40555056,0.59,0.78,-10.47
40558736,0.55,0.94,-10.43
40562400,0.67,0.90,-10.51
40566064,0.71,0.86,-10.59
40569740,0.47,0.86,-10.20
40573388,0.55,0.63,-10.16
40577076,0.51,0.39,-10.32
40580736,0.51,0.63,-10.47
40584392,0.51,0.59,-10.43
40588064,0.43,0.31,-9.81
40591672,0.31,0.47,-10.08
40595332,0.59,0.75,-10.36
40599000,0.55,0.67,-10.63
40602684,0.43,0.47,-10.28
40606332,0.51,0.55,-10.43
40610000,0.51,0.67,-10.32
40613668,0.47,0.67,-10.36
40617336,0.55,0.24,-10.40
40621004,0.59,0.39,-10.55
40624660,0.51,0.67,-10.08
40628332,0.55,0.43,-10.75
40631988,0.55,0.24,-10.24
40635656,0.55,0.39,-10.51
40639328,0.47,0.75,-10.43
40643008,0.35,0.75,-10.55
40646684,0.47,0.71,-10.75
40650352,0.47,0.82,-10.47
40654012,0.47,0.86,-10.32
40657680,0.43,0.78,-10.90
40661352,0.35,0.75,-10.75
40665020,0.51,0.43,-10.16
40668700,0.31,0.35,-10.08
40672356,0.39,0.47,-10.24
40676012,0.43,0.43,-10.16
40679684,0.35,0.39,-10.32
40683344,0.55,0.51,-10.12
40687012,0.39,0.55,-10.00
40690668,0.59,0.78,-10.28
40694328,0.63,0.78,-9.96
40697940,0.51,0.94,-10.20
40701596,0.55,0.90,-10.59
40705256,0.55,0.75,-10.51
40708920,0.51,0.59,-10.83
40712584,0.55,0.59,-10.59
40716240,0.51,0.55,-10.59
40719908,0.47,0.94,-10.71
40723572,0.47,0.98,-10.87
40727232,0.43,0.94,-10.75
40730900,0.35,1.26,-10.59
40734568,0.27,1.10,-10.94
40738232,0.39,1.29,-10.43
40741908,0.43,1.33,-10.83
40745584,0.47,1.18,-10.51
40749252,0.39,1.10,-10.83
40752916,0.47,0.98,-10.87
40756580,0.43,0.55,-10.47
40760252,0.31,0.67,-10.79
40763920,0.39,0.27,-10.59
40767580,0.47,0.43,-10.43
40771240,0.35,0.63,-10.79
40774904,0.47,0.35,-10.79
40778576,0.35,0.39,-10.40
40782236,0.27,0.90,-10.75
40785900,0.31,0.86,-10.79
40789572,0.43,0.86,-10.24
40793240,0.51,0.82,-9.89
40796852,0.55,0.94,-10.71
40800508,0.51,0.86,-9.92
40804108,0.51,0.82,-10.08
40807768,0.47,1.02,-10.24
40811440,0.51,0.71,-10.08
40815096,0.63,0.59,-10.12
40818764,0.51,0.47,-10.24
40822432,0.39,0.94,-10.28
40826096,0.43,0.90,-10.59
40829752,0.24,1.06,-10.79
40833420,0.31,1.14,-10.28
40837092,0.43,1.10,-10.87
40840756,0.39,1.14,-10.43
40844428,0.35,1.22,-11.14
40848108,0.39,1.14,-10.90
40851768,0.39,0.71,-10.63
40855432,0.59,0.67,-10.04
40859088,0.47,0.51,-10.24
40862748,0.55,0.67,-10.67
40866408,0.55,0.67,-10.87
40870080,0.55,0.75,-10.63
40873748,0.39,0.59,-10.51
40877428,0.47,0.39,-10.51
40881084,0.51,0.55,-10.28
40884748,0.51,0.31,-10.47
40888416,0.59,0.47,-10.36
40892072,0.47,0.59,-10.67
40895740,0.47,0.63,-10.36
40899396,0.47,0.55,-10.16
40903052,0.43,0.86,-10.00
40906712,0.51,0.71,-10.55
40910364,0.55,0.59,-10.32
40914052,0.63,0.90,-10.55
40917716,0.59,0.94,-10.24
40921364,0.55,1.14,-10.00
40925032,0.67,1.14,-9.49
40928640,0.75,1.06,-9.96
40932244,0.59,0.98,-10.32
40935912,0.59,0.82,-10.36
40939580,0.51,0.78,-10.63
40943236,0.51,0.75,-10.79
40946908,0.47,0.75,-10.40
40950572,0.43,0.67,-10.63
40954244,0.51,0.35,-10.24
40957912,0.47,0.55,-10.47
40961572,0.51,0.86,-10.59
40965232,0.51,0.78,-10.40
40968888,0.63,0.71,-10.83
40972548,0.67,0.86,-10.32
40976212,0.43,0.63,-11.02
40979872,0.39,0.59,-10.98
40983528,0.39,0.86,-10.40
40987204,0.35,0.78,-10.98
40990876,0.43,0.86,-10.67
40994544,0.31,0.78,-10.51
40998212,0.39,0.75,-10.51
41001880,0.43,0.51,-10.71
41005552,0.39,0.71,-10.16
41009212,0.43,0.82,-10.32
41012880,0.47,0.78,-10.24
41016540,0.43,0.75,-10.36
41020200,0.63,0.71,-11.14
41023872,0.47,0.82,-10.36
41027540,0.47,0.78,-10.04
41031208,0.43,0.75,-10.28
41034880,0.51,0.51,-10.43
41038540,0.55,0.47,-10.24
41042216,0.47,0.35,-10.16
41045880,0.55,0.39,-10.67
41049540,0.63,0.47,-9.89
41053144,0.59,0.59,-10.43
41056796,0.67,0.98,-10.47
41060448,0.67,0.98,-10.16
41064100,0.67,1.06,-10.32
41067756,0.71,1.06,-9.96
41071344,0.82,1.14,-10.51
41075028,0.63,0.75,-10.00
41078692,0.67,0.78,-10.08
41082340,0.51,0.71,-10.67
41086008,0.55,0.55,-9.73
41089628,0.47,0.55,-10.40
41093304,0.43,0.20,-10.28
41096964,0.47,0.39,-10.40
41100624,0.47,0.63,-10.75
41104304,0.35,0.39,-10.47
41107964,0.31,0.67,-10.75
41111628,0.24,0.94,-10.67
41115292,0.27,0.90,-11.02
41118944,0.27,0.90,-10.79
41122612,0.39,0.94,-10.59
41126280,0.39,0.82,-10.67
41129936,0.35,0.82,-10.55
41133588,0.27,0.71,-10.43
41137260,0.27,0.94,-10.67
41140908,0.51,1.26,-10.83
41144576,0.51,0.90,-9.96
41148176,0.55,0.51,-10.16
41151864,0.51,0.51,-10.43
41155532,0.43,0.47,-9.49
41159140,0.51,0.67,-10.75
41162824,0.35,0.47,-10.28
41166468,0.63,0.67,-10.43
41170140,0.39,0.75,-10.36
41173804,0.51,0.90,-10.32
41177464,0.51,0.98,-10.55
41181128,0.51,0.94,-10.87
41184792,0.63,0.94,-10.28
41188456,0.55,0.94,-10.71
41192108,0.59,1.26,-11.10
41195768,0.59,0.71,-10.59
41199424,0.55,0.55,-10.51
41203084,0.67,0.86,-10.63
41206744,0.59,0.90,-10.51
41210396,0.63,0.55,-10.16
41214068,0.75,0.78,-10.08
41217724,0.27,0.71,-10.51
41221380,0.47,0.71,-10.24
41225040,0.51,0.63,-10.55
41228712,0.55,0.59,-10.63
41232364,0.47,0.55,-10.43
41236036,0.47,0.78,-10.28
41239716,0.43,0.16,-10.12
41243368,0.51,0.55,-10.55
41247044,0.55,0.43,-10.75
41250712,0.43,0.27,-10.36
41254380,0.31,0.75,-10.55
41258048,0.55,0.94,-10.67
41261724,0.47,0.94,-10.83
41265384,0.35,0.90,-10.08
41269040,0.47,1.14,-10.43
41272720,0.47,1.18,-10.51
41276376,0.43,1.06,-10.55
41280040,0.55,0.98,-10.40
41283708,0.39,0.51,-10.12
41287364,0.47,0.63,-10.40
41291028,0.43,0.51,-10.32
41294700,0.43,1.10,-10.83
41298352,0.39,0.59,-10.67
41302032,0.39,0.51,-10.47
41305712,0.35,0.67,-10.67
41309376,0.47,0.63,-10.94
41313036,0.43,0.86,-10.40
41316720,0.31,0.94,-10.47
41320376,0.39,1.06,-10.32
41324036,0.39,1.10,-10.47
41327700,0.51,1.49,-10.79
41331356,0.47,0.98,-10.04
41335004,0.51,0.98,-10.43
41338676,0.51,0.75,-10.36
41342336,0.47,0.31,-9.77
41345936,0.51,0.43,-10.00
41349608,0.39,0.55,-10.08
41353272,0.63,0.35,-9.57
41356880,0.43,0.16,-10.00
41360544,0.63,0.24,-9.92
41364148,0.75,0.39,-10.36
41367820,0.59,0.55,-10.67
41371476,0.51,0.67,-10.83
41375136,0.63,0.78,-10.55
41378812,0.63,0.47,-10.36
41382480,0.59,0.98,-10.87
41386140,0.59,0.71,-9.96
41389732,0.51,1.02,-10.51
41393400,0.51,0.59,-10.28
41397064,0.59,1.14,-10.59
41400728,0.55,0.90,-10.55
41404388,0.43,0.59,-10.59
41408040,0.59,0.51,-10.32
41411712,0.55,0.63,-10.08
41415360,0.43,0.82,-10.55
41419028,0.51,0.59,-10.71
41422696,0.59,0.63,-10.47
41426356,0.51,0.78,-10.47
41430036,0.63,0.59,-10.24
41433708,0.82,0.98,-10.20
41437364,1.33,-2.71,-15.85
41441060,-13.77,-9.26,-13.34
41444848,117.33,91.12,-92.46
41448712,84.49,-127.56,75.39
41452584,-14.87,18.36,-159.73
41456456,-106.34,41.93,53.03
41460300,-6.59,-63.31,153.02
41464096,69.51,-4.35,73.43
41467836,-71.24,65.12,62.80
41471624,-30.71,33.70,159.14
41475476,118.66,68.02,123.25
41479364,-88.34,-59.11,55.07
41483192,-43.11,-39.03,14.98
41487008,-8.00,-101.24,76.02
41490812,-97.01,120.82,84.85
41494668,-160.44,-123.96,96.77
41498600,28.99,-13.85,156.16
41502476,-16.71,-69.67,-48.21
41506304,-39.46,-20.40,13.89
41510108,25.14,-99.16,47.42
41513912,12.28,-44.91,32.56
41517716,7.14,-32.28,39.19
41521464,-6.24,-39.70,22.20
41525212,14.16,26.28,41.82
41528996,10.51,31.58,44.88
41532776,6.83,31.46,42.33
41536496,4.90,29.89,36.68
41540204,-0.59,15.81,27.38
41543920,-7.96,9.65,17.85
41547584,-8.59,0.00,11.45
41551244,-16.79,6.51,-2.39
41554932,-17.61,9.30,-13.81
41558692,-19.10,17.85,-22.59
41562496,-19.18,26.40,-32.01
41566296,-22.01,27.18,-42.21
41570108,-25.03,25.97,-47.62
41573916,-27.58,20.52,-56.33
41577728,-29.11,18.63,-61.86
41581540,-30.91,13.85,-67.59
41585352,-33.07,14.67,-92.18
41589168,-29.81,12.00,-72.69
41592964,-28.87,7.96,-69.23
41596704,-29.46,5.73,-67.16
41599996,-27.30,-0.04,-0.04
41602820,-0.04,-0.04,-0.04
41605564,-0.04,-0.04,-0.04
41608296,-0.04,-0.04,-0.04
41611032,-0.04,-0.04,-0.04
41613776,-0.04,-0.04,-0.04
41616508,-0.04,-0.04,-0.04
41619248,-0.04,-0.04,-0.04
41621996,-0.04,-0.04,-0.04
41624740,-0.04,-0.04,-0.04
41627464,-0.04,-0.04,-0.04
41630200,-0.04,-0.04,-0.04
41632948,-0.04,-0.04,-0.04
41635692,-0.04,-0.04,-0.04
41638424,-0.04,-0.04,-0.04
41641168,-0.04,-0.04,-0.04
41643904,-0.04,-0.04,-0.04
41646656,-0.04,-0.04,-0.04
41649400,-0.04,-0.04,-0.04
41652136,-0.04,-0.04,-0.04
41654884,-0.04,-0.04,-0.04
41657624,-0.04,-0.04,-0.04
41660364,-0.04,-0.04,-0.04
41663116,-0.04,-0.04,-0.04
41665860,-0.04,-0.04,-0.04
41668596,-0.04,-0.04,-0.04
41671336,-0.04,-0.04,-0.04
41674076,-0.04,-0.04,-0.04
41676832,-0.04,-0.04,-0.04
41679560,-0.04,-0.04,-0.04
41682304,-0.04,-0.04,-0.04
41685048,-0.04,-0.04,-0.04
41687784,-0.04,-0.04,-0.04
41690524,-0.04,-0.04,-0.04
41693276,-0.04,-0.04,-0.04
41696012,-0.04,-0.04,-0.04
41698756,-0.04,-0.04,-0.04
41701484,-0.04,-0.04,-0.04
41704232,-0.04,-0.04,-0.04
41706984,-0.04,-0.04,-0.04
41709732,-0.04,-0.04,-0.04
41712460,-0.04,-0.04,-0.04
41715204,-0.04,-0.04,-0.04
41717948,-0.04,-0.04,-0.04
41720696,-0.04,-0.04,-0.04
41723436,-0.04,-0.04,-0.04
41726184,-0.04,-0.04,-0.04
41728936,-0.04,-0.04,-0.04
41731680,-0.04,-0.04,-0.04
41734412,-0.04,-0.04,-0.04
41737148,-0.04,-0.04,-0.04
41739888,-0.04,-0.04,-0.04
41742632,-0.04,-0.04,-0.04
41745384,-0.04,-0.04,-0.04
41748120,-0.04,-0.04,-0.04
41750864,-0.04,-0.04,-0.04
41753616,-0.04,-0.04,-0.04
41756344,-0.04,-0.04,-0.04
41759088,-0.04,-0.04,-0.04
41761832,-0.04,-0.04,-0.04
41764564,-0.04,-0.04,-0.04
41767308,-0.04,-0.04,-0.04
41770052,-0.04,-0.04,-0.04
41772804,-0.04,-0.04,-0.04
41775540,-0.04,-0.04,-0.04
41778364,-0.04,-0.04,-0.04
41781608,-0.04,-0.04,-15.69
41784700,-6.04,-0.04,-0.04
41788212,150.59,0.31,-14.44
41792000,-5.49,0.00,-12.87
41795676,-4.82,-0.04,-11.49
41799364,-4.59,-0.04,-11.49
41803056,-4.59,-0.04,-11.49
41806752,-4.59,-0.04,-11.49
41810456,-4.59,-0.04,-11.49
41814156,-4.59,-0.04,-11.49
41817864,-4.59,-0.04,-11.49
41821560,-4.59,-0.04,-11.49
41825260,-4.59,-0.04,-11.49
41828956,-4.59,-0.04,-11.49
41832660,-4.59,-0.04,-11.49
41836344,-4.59,-0.04,-11.49
41840040,-4.59,-0.04,-11.49
41843740,-4.59,-0.04,-11.49
41847428,-4.59,-0.04,-11.49
41851128,-4.59,-0.04,-11.49
41854824,3.92,-3.65,5.57
41858440,3.92,-3.65,5.57
41862056,3.92,-3.65,5.57
41865672,3.92,-3.65,5.57
41869284,3.92,-3.65,5.57
41872900,3.92,-3.65,5.57
41876516,3.92,-3.65,5.57
41880128,3.92,-3.65,5.57
41883744,3.92,-3.65,5.57
41887352,3.92,-3.65,5.57
41890988,3.92,-3.65,5.57
41894600,3.92,-3.65,5.57
41898228,3.92,-3.65,5.57
41901664,3.92,-3.65,-0.04
41904416,-0.04,-0.04,-0.04
41908012,3.92,-3.65,5.57
41911628,3.92,-3.65,5.57
41915248,3.92,-3.65,5.57
41918856,3.92,-3.65,5.57
41922472,3.92,-3.65,5.57
41926088,3.92,-3.65,5.57
41929696,3.92,-3.65,5.57
41933304,3.92,-3.65,5.57
41936932,3.92,-3.65,5.57
41940560,3.92,-3.65,5.57
41944176,3.92,-3.65,5.57
41947788,3.92,-3.65,5.57
41951408,3.92,-3.65,5.57
41955016,3.92,-3.65,5.57
41958620,3.92,-3.65,5.57
41962236,3.92,-3.65,5.57
41965856,3.92,-3.65,5.57
41969468,3.92,-3.65,5.57
41973088,3.92,-3.65,5.57
41976700,3.92,-3.65,5.57
41980296,3.92,-3.65,5.57
41983924,3.92,-3.65,5.57
41987532,3.92,-3.65,5.57
41991152,3.92,-3.65,5.57
41994768,3.92,-3.65,5.57
41998380,3.92,-3.65,5.57
42002000,3.92,-3.65,5.57
42005600,3.92,-3.65,5.57
42009220,3.92,-3.65,5.57
42012840,3.92,-3.65,5.57
42016444,3.92,-3.65,5.57
42020052,3.92,-3.65,5.57
42023664,3.92,-3.65,5.57
42027272,3.92,-3.65,5.57
42030880,3.92,-3.65,5.57
42034484,3.92,-3.65,5.57
42038104,3.92,-3.65,5.57
42041720,3.92,-3.65,5.57
42045336,3.92,-3.65,5.57
42048948,3.92,-3.65,5.57
42052560,3.92,-3.65,5.57
42056172,3.92,-3.65,5.57
42059804,3.92,-3.65,5.57
42063428,3.92,-3.65,5.57
42067044,3.92,-3.65,5.57
42070656,3.92,-3.65,5.57
42074268,3.92,-3.65,5.57
42077876,3.92,-3.65,5.57
42081488,3.92,-3.65,5.57
42085096,3.92,-3.65,5.57
42088716,3.92,-3.65,5.57
42092320,2.86,-3.30,2.75
42095940,2.86,-3.30,2.75
42099560,2.86,-3.30,2.75
42103164,2.86,-3.30,2.75
42106800,2.86,-3.30,2.75
42110404,2.86,-3.30,2.75
42114028,2.86,-3.30,2.75
42117648,2.86,-3.30,2.75
42121268,2.86,-3.30,2.75
42124880,2.86,-3.30,2.75
42128496,2.86,-3.30,2.75
42132096,2.86,-3.30,2.75
42135724,2.86,-3.30,2.75
42139328,2.86,-3.30,2.75
42142944,2.86,-3.30,2.75
42146568,2.86,-3.30,2.75
42150180,2.86,-3.30,2.75
42153808,2.86,-3.30,2.75
42157428,2.86,-3.30,2.75
42161036,2.86,-3.30,2.75
42164656,2.86,-3.30,2.75
42168260,2.86,-3.30,2.75
42171876,2.86,-3.30,2.75
42174612,-0.04,-0.04,-0.04
42177356,-0.04,-0.04,-0.04
42180100,-0.04,-0.04,-0.04
42182836,-0.04,-0.04,-0.04
42185572,-0.04,-0.04,-0.04
42188316,-0.04,-0.04,-0.04
42191060,-0.04,-0.04,-0.04
42193808,-0.04,-0.04,-0.04
42196556,-0.04,-0.04,-0.04
42199300,-0.04,-0.04,-0.04
42202040,-0.04,-0.04,-0.04
42204784,-0.04,-0.04,-0.04
42207528,-0.04,-0.04,-0.04
42210268,-0.04,-0.04,-0.04
42213868,2.86,-3.30,2.75
42217492,2.86,-3.30,2.75
42221104,2.86,-3.30,2.75
42224720,2.86,-3.30,2.75
42228320,2.86,-3.30,2.75
42231948,2.86,-3.30,2.75
42235564,2.86,-3.30,2.75
42239176,2.86,-3.30,2.75
42242800,2.86,-3.30,2.75
42246412,2.86,-3.30,2.75
42250020,2.86,-3.30,2.75
42253644,2.86,-3.30,2.75
42257252,2.86,-3.30,2.75
42260868,2.86,-3.30,2.75
42264472,2.86,-3.30,2.75
42268092,2.86,-3.30,2.75
42271708,2.86,-3.30,2.75
42275324,2.86,-3.30,2.75
42278948,2.86,-3.30,2.75
42282572,2.86,-3.30,2.75
42286196,2.86,-3.30,2.75
42289812,2.86,-3.30,2.75
42293436,2.86,-3.30,2.75
42297048,2.86,-3.30,2.75
42300672,2.86,-3.30,2.75
42304288,2.86,-3.30,2.75
42307896,2.86,-3.30,2.75
42311520,2.86,-3.30,2.75
42315136,2.86,-3.30,2.75
42318672,-10.04,-3.30,2.75
42321504,-0.04,-0.04,-0.04
42324268,-0.04,-0.04,-0.04
42327012,-0.04,-0.04,-0.04
42329748,-0.04,-0.04,-0.04
42332492,-0.04,-0.04,-0.04
42335248,-0.04,-0.04,-0.04
42337988,-0.04,-0.04,-0.04
42340728,-0.04,-0.04,-0.04
42343464,-0.04,-0.04,-0.04
42346212,-0.04,-0.04,-0.04
42348964,-0.04,-0.04,-0.04
42351708,-0.04,-0.04,-0.04
42354444,-0.04,-0.04,-0.04
42357196,-0.04,-0.04,-0.04
42359956,-0.04,-0.04,-0.04
42362696,-0.04,-0.04,-0.04
42365436,-0.04,-0.04,-0.04
42368944,2.98,-2.71,702.90
42372296,-0.04,2.71,2.71
42375904,2.98,-2.71,2.71
42379532,2.98,-2.71,2.71
42383148,2.98,-2.71,2.71
42386784,2.98,-2.71,2.71
42390396,2.98,-2.71,2.71
42394016,2.98,-2.71,2.71
42397640,2.98,-2.71,2.71
42401260,2.98,-2.71,2.71
42404888,2.98,-2.71,2.71
42408504,2.98,-2.71,2.71
42412124,2.98,-2.71,2.71
42415744,2.98,-2.71,2.71
42419380,2.98,-2.71,2.71
42423004,2.98,-2.71,2.71
42426632,2.98,-2.71,2.71
42430244,2.98,-2.71,2.71
42433864,2.98,-2.71,2.71
42437492,2.98,-2.71,2.71
42441112,2.98,-2.71,2.71
42444728,2.98,-2.71,2.71
42448356,2.98,-2.71,2.71
42451984,2.98,-2.71,2.71
42455600,2.98,-2.71,2.71
42459220,2.98,-2.71,2.71
42462848,2.98,-2.71,2.71
42466484,2.98,-2.71,2.71
42470108,2.98,-2.71,2.71
42473720,2.98,-2.71,2.71
42477348,2.98,-2.71,2.71
42480976,2.98,-2.71,2.71
42484596,2.98,-2.71,2.71
42488228,2.98,-2.71,2.71
42491840,2.98,-2.71,2.71
42495472,2.98,-2.71,2.71
42499108,2.98,-2.71,2.71
42502732,2.98,-2.71,2.71
42506360,2.98,-2.71,2.71
42509984,2.98,-2.71,2.71
42513604,2.98,-2.71,2.71
42517232,2.98,-2.71,2.71
42520840,2.98,-2.71,2.71
42524468,2.98,-2.71,2.71
42528088,2.98,-2.71,2.71
42531704,2.98,-2.71,2.71
42535316,2.98,-2.71,2.71
42538940,2.98,-2.71,2.71
42542568,2.98,-2.71,2.71
42546200,2.98,-2.71,2.71
42549816,2.98,-2.71,2.71
42553440,2.98,-2.71,2.71
42557052,2.98,-2.71,2.71
42560688,2.98,-2.71,2.71
42564300,2.98,-2.71,2.71
42567920,3.10,-3.02,3.22
42571532,3.10,-3.02,3.22
42575140,3.10,-3.02,3.22
42578760,3.10,-3.02,3.22
42582368,3.10,-3.02,3.22
42585980,3.10,-3.02,3.22
42589580,3.10,-3.02,3.22
42593212,3.10,-3.02,3.22
42596832,3.10,-3.02,3.22
42600440,3.10,-3.02,3.22
42604040,3.10,-3.02,3.22
42607660,3.10,-3.02,3.22
42611248,3.10,-3.02,3.22
42614860,3.10,-3.02,3.22
42618472,3.10,-3.02,3.22
42622088,3.10,-3.02,3.22
42625688,3.10,-3.02,3.22
42629292,3.10,-3.02,3.22
42632892,3.10,-3.02,3.22
42636500,3.10,-3.02,3.22
42640112,3.10,-3.02,3.22
42643720,3.10,-3.02,3.22
42647324,3.10,-3.02,3.22
42650928,3.10,-3.02,3.22
42654544,3.10,-3.02,3.22
42658152,3.10,-3.02,3.22
42661768,3.10,-3.02,3.22
42665368,3.10,-3.02,3.22
42668980,3.10,-3.02,3.22
42672584,3.10,-3.02,3.22
42676200,3.10,-3.02,3.22
42679812,3.10,-3.02,3.22
42683436,3.10,-3.02,3.22
42687028,3.10,-3.02,3.22
42690652,3.10,-3.02,3.22
42694260,3.10,-3.02,3.22
42697868,3.10,-3.02,3.22
42701468,3.10,-3.02,3.22
42705080,3.10,-3.02,3.22
42708684,3.10,-3.02,3.22
42712288,3.10,-3.02,3.22
42715892,3.10,-3.02,3.22
42719504,3.10,-3.02,3.22
42723132,3.10,-3.02,3.22
42726740,3.10,-3.02,3.22
42730344,3.10,-3.02,3.22
42733952,3.10,-3.02,3.22
42737576,3.10,-3.02,3.22
42741188,3.10,-3.02,3.22
42744804,3.10,-3.02,3.22
42748412,3.10,-3.02,3.22
42752028,3.10,-3.02,3.22
42755632,3.10,-3.02,3.22
42759228,3.10,-3.02,3.22
42762844,3.10,-3.02,3.22
42766452,3.10,-3.02,3.22
42770048,3.10,-3.02,3.22
42773664,3.10,-3.02,3.22
42777256,3.10,-3.02,3.22
42780872,3.10,-3.02,3.22
42784476,3.10,-3.02,3.22
42788076,3.10,-3.02,3.22
42791684,3.10,-3.02,3.22
42795284,3.10,-3.02,3.22
42798892,3.10,-3.02,3.22
42802496,3.10,-3.02,3.22
42806112,3.10,-2.79,3.10
42809724,3.10,-2.79,3.10
42813336,3.10,-2.79,3.10
42816952,3.10,-2.79,3.10
42820560,3.10,-2.79,3.10
42824188,3.10,-2.79,3.10
42827808,3.10,-2.79,3.10
42831428,3.10,-2.79,3.10
42835032,3.10,-2.79,3.10
42838652,3.10,-2.79,3.10
42842252,3.10,-2.79,3.10
42845848,3.10,-2.79,3.10
42849472,3.10,-2.79,3.10
42853080,3.10,-2.79,3.10
42856692,3.10,-2.79,3.10
42860300,3.10,-2.79,3.10
42863912,3.10,-2.79,3.10
42867532,3.10,-2.79,3.10
42871148,3.10,-2.79,3.10
42874772,3.10,-2.79,3.10
42878376,3.10,-2.79,3.10
42881996,3.10,-2.79,3.10
42885624,3.10,-2.79,3.10
42889228,3.10,-2.79,3.10
42892840,3.10,-2.79,3.10
42896444,3.10,-2.79,3.10
42900052,3.10,-2.79,3.10
42903668,3.10,-2.79,3.10
42907256,3.10,-2.79,3.10
42910880,3.10,-2.79,3.10
42914484,3.10,-2.79,3.10
42918100,3.10,-2.79,3.10
42921708,3.10,-2.79,3.10
42925324,3.10,-2.79,3.10
42928932,3.10,-2.79,3.10
42932548,3.10,-2.79,3.10
42936160,3.10,-2.79,3.10
42939776,3.10,-2.79,3.10
42943384,3.10,-2.79,3.10
42946992,3.10,-2.79,3.10
42950612,3.10,-2.79,3.10
42954220,3.10,-2.79,3.10
42957844,3.10,-2.79,3.10
42961448,3.10,-2.79,3.10
42965060,3.10,-2.79,3.10
42968672,3.10,-2.79,3.10
42972280,3.10,-2.79,3.10
42975876,3.10,-2.79,3.10
42979496,3.10,-2.79,3.10
42983108,3.10,-2.79,3.10
42986720,3.10,-2.79,3.10
42990336,3.10,-2.79,3.10
42993952,3.10,-2.79,3.10
42997564,3.10,-2.79,3.10
43001184,3.10,-2.79,3.10
43004804,3.10,-2.79,3.10
43008412,3.10,-2.79,3.10
43012016,3.10,-2.79,3.10
43015632,3.10,-2.79,3.10
43019236,3.10,-2.79,3.10
43022840,3.10,-2.79,3.10
43026456,3.10,-2.79,3.10
43030060,3.10,-2.79,3.10
43033672,3.10,-2.79,3.10
43037272,3.10,-2.79,3.10
43040892,3.10,-2.79,3.10
43044496,3.02,-2.94,2.94
43048116,3.02,-2.94,2.94
43051736,3.02,-2.94,2.94
43055340,3.02,-2.94,2.94
43058944,3.02,-2.94,2.94
43062560,3.02,-2.94,2.94
43066172,3.02,-2.94,2.94
43069792,3.02,-2.94,2.94
43073396,3.02,-2.94,2.94
43077000,3.02,-2.94,2.94
43080620,3.02,-2.94,2.94
43084220,3.02,-2.94,2.94
43087832,3.02,-2.94,2.94
43091440,3.02,-2.94,2.94
43095048,3.02,-2.94,2.94
43098648,3.02,-2.94,2.94
43102256,3.02,-2.94,2.94
43105868,3.02,-2.94,2.94
43109468,3.02,-2.94,2.94
43113076,3.02,-2.94,2.94
43116696,3.02,-2.94,2.94
43120292,3.02,-2.94,2.94
43123892,3.02,-2.94,2.94
43127500,3.02,-2.94,2.94
43131112,3.02,-2.94,2.94
43134712,3.02,-2.94,2.94
43138320,3.02,-2.94,2.94
43141924,3.02,-2.94,2.94
43145540,3.02,-2.94,2.94
43149160,3.02,-2.94,2.94
43152776,3.02,-2.94,2.94
43156384,3.02,-2.94,2.94
43159984,3.02,-2.94,2.94
43163600,3.02,-2.94,2.94
43167208,3.02,-2.94,2.94
43170832,3.02,-2.94,2.94
43174440,3.02,-2.94,2.94
43178052,3.02,-2.94,2.94
43181672,3.02,-2.94,2.94
43185284,3.02,-2.94,2.94
43188880,3.02,-2.94,2.94
43192496,3.02,-2.94,2.94
43196108,3.02,-2.94,2.94
43199720,3.02,-2.94,2.94
43203336,3.02,-2.94,2.94
43206944,3.02,-2.94,2.94
43210548,3.02,-2.94,2.94
43214164,3.02,-2.94,2.94
43217776,3.02,-2.94,2.94
43221384,3.02,-2.94,2.94
43224996,3.02,-2.94,2.94
43228604,3.02,-2.94,2.94
43232208,3.02,-2.94,2.94
43235824,3.02,-2.94,2.94
43239432,3.02,-2.94,2.94
43243020,3.02,-2.94,2.94
43246640,3.02,-2.94,2.94
43250248,3.02,-2.94,2.94
43253860,3.02,-2.94,2.94
43257464,3.02,-2.94,2.94
43261080,3.02,-2.94,2.94
43264680,3.02,-2.94,2.94
43268288,3.02,-2.94,2.94
43271888,3.02,-2.94,2.94
43275484,3.02,-2.94,2.94
43279100,3.02,-2.94,2.94
43282712,3.02,-3.06,2.94
43286320,3.02,-3.06,2.94
43289924,3.02,-3.06,2.94
43293528,3.02,-3.06,2.94
43297136,3.02,-3.06,2.94
43300744,3.02,-3.06,2.94
43304344,3.02,-3.06,2.94
43307952,3.02,-3.06,2.94
43311552,3.02,-3.06,2.94
43315168,3.02,-3.06,2.94
43318792,3.02,-3.06,2.94
43322408,3.02,-3.06,2.94
43325996,3.02,-3.06,2.94
43329612,3.02,-3.06,2.94
43333208,3.02,-3.06,2.94
43336808,3.02,-3.06,2.94
43340412,3.02,-3.06,2.94
43344024,3.02,-3.06,2.94
43347628,3.02,-3.06,2.94
43351228,3.02,-3.06,2.94
43354820,3.02,-3.06,2.94
43358424,3.02,-3.06,2.94
43362028,3.02,-3.06,2.94
43365632,3.02,-3.06,2.94
43369224,3.02,-3.06,2.94
43372824,3.02,-3.06,2.94
43376432,3.02,-3.06,2.94
43380044,3.02,-3.06,2.94
43383652,3.02,-3.06,2.94
43387252,3.02,-3.06,2.94
43390848,3.02,-3.06,2.94
43394448,3.02,-3.06,2.94
43398052,3.02,-3.06,2.94
43401656,3.02,-3.06,2.94
43405252,3.02,-3.06,2.94
43408844,3.02,-3.06,2.94
43412448,3.02,-3.06,2.94
43416056,3.02,-3.06,2.94
43419664,3.02,-3.06,2.94
43423252,3.02,-3.06,2.94
43426856,3.02,-3.06,2.94
43430464,3.02,-3.06,2.94
43434068,3.02,-3.06,2.94
43437676,3.02,-3.06,2.94
43441284,3.02,-3.06,2.94
43444880,3.02,-3.06,2.94
43448504,3.02,-3.06,2.94
43452100,3.02,-3.06,2.94
43455704,3.02,-3.06,2.94
43459316,3.02,-3.06,2.94
43462924,3.02,-3.06,2.94
43466520,3.02,-3.06,2.94
43470116,3.02,-3.06,2.94
43473728,3.02,-3.06,2.94
43477332,3.02,-3.06,2.94
43480940,3.02,-3.06,2.94
43484544,3.02,-3.06,2.94
43488156,3.02,-3.06,2.94
43491768,3.02,-3.06,2.94
43495376,3.02,-3.06,2.94
43498976,3.02,-3.06,2.94
43502592,3.02,-3.06,2.94
43506200,3.02,-3.06,2.94
43509816,3.02,-3.06,2.94
43513420,3.02,-3.06,2.94
43517024,3.02,-3.06,2.94
43520632,2.98,-2.98,2.86
43524248,2.98,-2.98,2.86
43527860,2.98,-2.98,2.86
43531480,2.98,-2.98,2.86
43535104,2.98,-2.98,2.86
43538724,2.98,-2.98,2.86
43542336,2.98,-2.98,2.86
43545952,2.98,-2.98,2.86
43549576,2.98,-2.98,2.86
43553192,2.98,-2.98,2.86
43556808,2.98,-2.98,2.86
43560436,2.98,-2.98,2.86
43564048,2.98,-2.98,2.86
43567652,2.98,-2.98,2.86
43571256,2.98,-2.98,2.86
43574856,2.98,-2.98,2.86
43578480,2.98,-2.98,2.86
43582096,2.98,-2.98,2.86
43585716,2.98,-2.98,2.86
43589320,2.98,-2.98,2.86
43592936,2.98,-2.98,2.86
43596552,2.98,-2.98,2.86
43600172,2.98,-2.98,2.86
43603784,2.98,-2.98,2.86
43607408,2.98,-2.98,2.86
43611036,2.98,-2.98,2.86
43614640,2.98,-2.98,2.86
43618236,2.98,-2.98,2.86
43621856,2.98,-2.98,2.86
43625476,2.98,-2.98,2.86
43629088,2.98,-2.98,2.86
43632696,2.98,-2.98,2.86
43636308,2.98,-2.98,2.86
43639924,2.98,-2.98,2.86
43643524,2.98,-2.98,2.86
43647152,2.98,-2.98,2.86
43650784,2.98,-2.98,2.86
43654408,2.98,-2.98,2.86
43658016,2.98,-2.98,2.86
43661632,2.98,-2.98,2.86
43665232,2.98,-2.98,2.86
43668852,2.98,-2.98,2.86
43672472,2.98,-2.98,2.86
43676092,2.98,-2.98,2.86
43679720,2.98,-2.98,2.86
43683336,2.98,-2.98,2.86
43686948,2.98,-2.98,2.86
43690552,2.98,-2.98,2.86
43694176,2.98,-2.98,2.86
43697792,2.98,-2.98,2.86
43701424,2.98,-2.98,2.86
43705040,2.98,-2.98,2.86
43708648,2.98,-2.98,2.86
43712248,2.98,-2.98,2.86
43715872,2.98,-2.98,2.86
43719476,2.98,-2.98,2.86
43723092,2.98,-2.98,2.86
43726716,2.98,-2.98,2.86
43730332,2.98,-2.98,2.86
43733944,2.98,-2.98,2.86
43737572,2.98,-2.98,2.86
43741192,2.98,-2.98,2.86
43744804,2.98,-2.98,2.86
43748416,2.98,-2.98,2.86
43752032,2.98,-2.98,2.86
43755644,2.98,-2.98,2.86
43759248,2.90,-3.18,3.14
43762852,2.90,-3.18,3.14
43766460,2.90,-3.18,3.14
43770076,2.90,-3.18,3.14
43773684,2.90,-3.18,3.14
43777296,2.90,-3.18,3.14
43780908,2.90,-3.18,3.14
43784524,2.90,-3.18,3.14
43788148,2.90,-3.18,3.14
43791764,2.90,-3.18,3.14
43795376,2.90,-3.18,3.14
43798984,2.90,-3.18,3.14
43802604,2.90,-3.18,3.14
43806204,2.90,-3.18,3.14
43809828,2.90,-3.18,3.14
43813448,2.90,-3.18,3.14
43817064,2.90,-3.18,3.14
43820664,2.90,-3.18,3.14
43824284,2.90,-3.18,3.14
43827884,2.90,-3.18,3.14
43831508,2.90,-3.18,3.14
43835116,2.90,-3.18,3.14
43838740,2.90,-3.18,3.14
43842348,2.90,-3.18,3.14
43845956,2.90,-3.18,3.14
43849568,2.90,-3.18,3.14
43853172,2.90,-3.18,3.14
43856780,2.90,-3.18,3.14
43860384,2.90,-3.18,3.14
43863996,2.90,-3.18,3.14
43867620,2.90,-3.18,3.14
43871224,2.90,-3.18,3.14
43874836,2.90,-3.18,3.14
43878448,2.90,-3.18,3.14
43882064,2.90,-3.18,3.14
43885676,2.90,-3.18,3.14
43889276,2.90,-3.18,3.14
43892904,2.90,-3.18,3.14
43896504,2.90,-3.18,3.14
43900112,2.90,-3.18,3.14
43903732,2.90,-3.18,3.14
43907344,2.90,-3.18,3.14
43910952,2.90,-3.18,3.14
43914572,2.90,-3.18,3.14
43918180,2.90,-3.18,3.14
43921796,2.90,-3.18,3.14
43925396,2.90,-3.18,3.14
43929008,2.90,-3.18,3.14
43932624,2.90,-3.18,3.14
43936240,2.90,-3.18,3.14
43939864,2.90,-3.18,3.14
43943468,2.90,-3.18,3.14
43947076,2.90,-3.18,3.14
43950700,2.90,-3.18,3.14
43954316,2.90,-3.18,3.14
43957920,2.90,-3.18,3.14
43961528,2.90,-3.18,3.14
43965160,2.90,-3.18,3.14
43968768,2.90,-3.18,3.14
43972380,2.90,-3.18,3.14
43975988,2.90,-3.18,3.14
43979600,2.90,-3.18,3.14
43983212,2.90,-3.18,3.14
43986820,2.90,-3.18,3.14
43990424,2.90,-3.18,3.14
43994044,2.90,-3.18,3.22
43997656,2.98,-3.10,3.22
44001276,2.98,-3.10,3.22
44004888,2.98,-3.10,3.22
44008500,2.98,-3.10,3.22
44012116,2.98,-3.10,3.22
44015732,2.98,-3.10,3.22
44019344,2.98,-3.10,3.22
44022960,2.98,-3.10,3.22
44026572,2.98,-3.10,3.22
44030176,2.98,-3.10,3.22
44033776,2.98,-3.10,3.22
44037380,2.98,-3.10,3.22
44040984,2.98,-3.10,3.22
44044596,2.98,-3.10,3.22
44048196,2.98,-3.10,3.22
44051816,2.98,-3.10,3.22
44055420,2.98,-3.10,3.22
44059044,2.98,-3.10,3.22
44062656,2.98,-3.10,3.22
44066272,2.98,-3.10,3.22
44069884,2.98,-3.10,3.22
44073496,2.98,-3.10,3.22
44077120,2.98,-3.10,3.22
44080752,2.98,-3.10,3.22
44084364,2.98,-3.10,3.22
44087972,2.98,-3.10,3.22
44091596,2.98,-3.10,3.22
44095200,2.98,-3.10,3.22
44098808,2.98,-3.10,3.22
44102420,2.98,-3.10,3.22
44106036,2.98,-3.10,3.22
44109640,2.98,-3.10,3.22
44113256,2.98,-3.10,3.22
44116868,2.98,-3.10,3.22
44120488,2.98,-3.10,3.22
44124100,2.98,-3.10,3.22
44127732,2.98,-3.10,3.22
44131336,2.98,-3.10,3.22
44134944,2.98,-3.10,3.22
44138564,2.98,-3.10,3.22
44142188,2.98,-3.10,3.22
44145804,2.98,-3.10,3.22
44149412,2.98,-3.10,3.22
44153024,2.98,-3.10,3.22
44156624,2.98,-3.10,3.22
44160232,2.98,-3.10,3.22
44163844,2.98,-3.10,3.22
44167456,2.98,-3.10,3.22
44171072,2.98,-3.10,3.22
44174696,2.98,-3.10,3.22
44178312,2.98,-3.10,3.22
44181924,2.98,-3.10,3.22
44185532,2.98,-3.10,3.22
44189160,2.98,-3.10,3.22
44192772,2.98,-3.10,3.22
44196380,2.98,-3.10,3.22
44199992,2.98,-3.10,3.22
44203604,2.98,-3.10,3.22
44207208,2.98,-3.10,3.22
44210816,2.98,-3.10,3.22
44214436,2.98,-3.10,3.22
44218056,2.98,-3.10,3.22
44221668,2.98,-3.10,3.22
44225284,2.98,-3.10,3.22
44228904,2.98,-3.10,3.22
44232512,2.98,-2.90,2.90
44236120,2.90,-2.90,2.90
44239724,2.90,-2.90,2.90
44243316,2.90,-2.90,2.90
44246904,2.90,-2.90,2.90
44250500,2.90,-2.90,2.90
44254092,2.90,-2.90,2.90
44257696,2.90,-2.90,2.90
44261300,2.90,-2.90,2.90
44264904,2.90,-2.90,2.90
44268492,2.90,-2.90,2.90
44272084,2.90,-2.90,2.90
44275684,2.90,-2.90,2.90
44279284,2.90,-2.90,2.90
44282896,2.90,-2.90,2.90
44286488,2.90,-2.90,2.90
44290088,2.90,-2.90,2.90
44293696,2.90,-2.90,2.90
44297288,2.90,-2.90,2.90
44300888,2.90,-2.90,2.90
44304488,2.90,-2.90,2.90
44308080,2.90,-2.90,2.90
44311684,2.90,-2.90,2.90
44315280,2.90,-2.90,2.90
44318896,2.90,-2.90,2.90
44322488,2.90,-2.90,2.90
44326080,2.90,-2.90,2.90
44329680,2.90,-2.90,2.90
44333272,2.90,-2.90,2.90
44336872,2.90,-2.90,2.90
44340476,2.90,-2.90,2.90
44344068,2.90,-2.90,2.90
44347672,2.90,-2.90,2.90
44351256,2.90,-2.90,2.90
44354848,2.90,-2.90,2.90
44358440,2.90,-2.90,2.90
44362040,2.90,-2.90,2.90
44365632,2.90,-2.90,2.90
44369220,2.90,-2.90,2.90
44372808,2.90,-2.90,2.90
44376396,2.90,-2.90,2.90
44379980,2.90,-2.90,2.90
44383588,2.90,-2.90,2.90
44387184,2.90,-2.90,2.90
44390780,2.90,-2.90,2.90
44394376,2.90,-2.90,2.90
44397972,2.90,-2.90,2.90
44401580,2.90,-2.90,2.90
44405168,2.90,-2.90,2.90
44408772,2.90,-2.90,2.90
44412368,2.90,-2.90,2.90
44415964,2.90,-2.90,2.90
44419580,2.90,-2.90,2.90
44423180,2.90,-2.90,2.90
44426772,2.90,-2.90,2.90
44430368,2.90,-2.90,2.90
44433956,2.90,-2.90,2.90
44437568,2.90,-2.90,2.90
44441164,2.90,-2.90,2.90
44444772,2.90,-2.90,2.90
44448376,2.90,-2.90,2.90
44451984,2.90,-2.90,2.90
44455576,2.90,-2.90,2.90
44459172,2.90,-2.90,2.90
44462756,2.90,-2.90,2.90
44466360,2.90,-2.90,2.90
44469944,2.90,-2.90,2.75
44473560,2.82,-2.94,2.75
44477172,2.82,-2.94,2.75
44480788,2.82,-2.94,2.75
44484408,2.82,-2.94,2.75
44488024,2.82,-2.94,2.75
44491640,2.82,-2.94,2.75
44495248,2.82,-2.94,2.75
44498876,2.82,-2.94,2.75
44502492,2.82,-2.94,2.75
44506124,2.82,-2.94,2.75
44509732,2.82,-2.94,2.75
44513348,2.82,-2.94,2.75
44516964,2.82,-2.94,2.75
44520592,2.82,-2.94,2.75
44524200,2.82,-2.94,2.75
44527808,2.82,-2.94,2.75
44531420,2.82,-2.94,2.75
44535044,2.82,-2.94,2.75
44538652,2.82,-2.94,2.75
44542264,2.82,-2.94,2.75
44545880,2.82,-2.94,2.75
44549496,2.82,-2.94,2.75
44553124,2.82,-2.94,2.75
44556736,2.82,-2.94,2.75
44560348,2.82,-2.94,2.75
44563960,2.82,-2.94,2.75
44567588,2.82,-2.94,2.75
44571204,2.82,-2.94,2.75
44574816,2.82,-2.94,2.75
44578428,2.82,-2.94,2.75
44582060,2.82,-2.94,2.75
44585688,2.82,-2.94,2.75
44589292,2.82,-2.94,2.75
44592904,2.82,-2.94,2.75
44596532,2.82,-2.94,2.75
44600152,2.82,-2.94,2.75
44603764,2.82,-2.94,2.75
44607380,2.82,-2.94,2.75
44610996,2.82,-2.94,2.75
44614604,2.82,-2.94,2.75
44618216,2.82,-2.94,2.75
44621836,2.82,-2.94,2.75
44625456,2.82,-2.94,2.75
44629068,2.82,-2.94,2.75
44632700,2.82,-2.94,2.75
44636320,2.82,-2.94,2.75
44639928,2.82,-2.94,2.75
44643556,2.82,-2.94,2.75
44647172,2.82,-2.94,2.75
44650772,2.82,-2.94,2.75
44654384,2.82,-2.94,2.75
44658004,2.82,-2.94,2.75
44661620,2.82,-2.94,2.75
44665224,2.82,-2.94,2.75
44668856,2.82,-2.94,2.75
44672472,2.82,-2.94,2.75
44676104,2.82,-2.94,2.75
44679728,2.82,-2.94,2.75
44683336,2.82,-2.94,2.75
44686952,2.82,-2.94,2.75
44690584,2.82,-2.94,2.75
44694176,2.82,-2.94,2.75
44697780,2.82,-2.94,2.75
44701400,2.82,-2.94,2.75
44705020,2.82,-2.94,2.75
44708636,2.82,-3.02,2.94
44712244,3.10,-3.02,2.94
44715856,3.10,-3.02,2.94
44719472,3.10,-3.02,2.94
44723092,3.10,-3.02,2.94
44726704,3.10,-3.02,2.94
44730308,3.10,-3.02,2.94
44733912,3.10,-3.02,2.94
44737524,3.10,-3.02,2.94
44741128,3.10,-3.02,2.94
44744744,3.10,-3.02,2.94
44748344,3.10,-3.02,2.94
44751952,3.10,-3.02,2.94
44755568,3.10,-3.02,2.94
44759160,3.10,-3.02,2.94
44762760,3.10,-3.02,2.94
44766372,3.10,-3.02,2.94
44769984,3.10,-3.02,2.94
44773588,3.10,-3.02,2.94
44777196,3.10,-3.02,2.94
44780808,3.10,-3.02,2.94
44784408,3.10,-3.02,2.94
44788020,3.10,-3.02,2.94
44791628,3.10,-3.02,2.94
44795244,3.10,-3.02,2.94
44798852,3.10,-3.02,2.94
44802456,3.10,-3.02,2.94
44806064,3.10,-3.02,2.94
44809688,3.10,-3.02,2.94
44813296,3.10,-3.02,2.94
44816888,3.10,-3.02,2.94
44820492,3.10,-3.02,2.94
44824092,3.10,-3.02,2.94
44827716,3.10,-3.02,2.94
44831312,3.10,-3.02,2.94
44834920,3.10,-3.02,2.94
44838528,3.10,-3.02,2.94
44842136,3.10,-3.02,2.94
44845732,3.10,-3.02,2.94
44849344,3.10,-3.02,2.94
44852952,3.10,-3.02,2.94
44856560,3.10,-3.02,2.94
44860164,3.10,-3.02,2.94
44863768,3.10,-3.02,2.94
44867372,3.10,-3.02,2.94
44870980,3.10,-3.02,2.94
44874584,3.10,-3.02,2.94
44878188,3.10,-3.02,2.94
44881792,3.10,-3.02,2.94
44885396,3.10,-3.02,2.94
44889012,3.10,-3.02,2.94
44892620,3.10,-3.02,2.94
44896216,3.10,-3.02,2.94
44899816,3.10,-3.02,2.94
44903432,3.10,-3.02,2.94
44907032,3.10,-3.02,2.94
44910644,3.10,-3.02,2.94
44914248,3.10,-3.02,2.94
44917868,3.10,-3.02,2.94
44921468,3.10,-3.02,2.94
44925088,3.10,-3.02,2.94
44928700,3.10,-3.02,2.94
44932308,3.10,-3.02,2.94
44935908,3.10,-3.02,2.94
44939516,3.10,-3.02,2.94
44943132,3.10,-3.02,2.94
44946748,2.94,-3.10,3.26
44950360,2.94,-3.10,3.26
44953972,2.94,-3.10,3.26
44957580,2.94,-3.10,3.26
44961180,2.94,-3.10,3.26
44964788,2.94,-3.10,3.26
44968400,2.94,-3.10,3.26
44972016,2.94,-3.10,3.26
44975628,2.94,-3.10,3.26
44979240,2.94,-3.10,3.26
44982844,2.94,-3.10,3.26
44986460,2.94,-3.10,3.26
44990068,2.94,-3.10,3.26
44993704,2.94,-3.10,3.26
44997308,2.94,-3.10,3.26
45000920,2.94,-3.10,3.26
45004536,2.94,-3.10,3.26
45008140,2.94,-3.10,3.26
45011748,2.94,-3.10,3.26
45015356,2.94,-3.10,3.26
45018960,2.94,-3.10,3.26
45022580,2.94,-3.10,3.26
45026192,2.94,-3.10,3.26
45029808,2.94,-3.10,3.26
45033420,2.94,-3.10,3.26
45037036,2.94,-3.10,3.26
45040656,2.94,-3.10,3.26
45044256,2.94,-3.10,3.26
45047872,2.94,-3.10,3.26
45051488,2.94,-3.10,3.26
45055120,2.94,-3.10,3.26
45058724,2.94,-3.10,3.26
45062328,2.94,-3.10,3.26
45065932,2.94,-3.10,3.26
45069552,2.94,-3.10,3.26
45073164,2.94,-3.10,3.26
45076780,2.94,-3.10,3.26
45080388,2.94,-3.10,3.26
45084008,2.94,-3.10,3.26
45087616,2.94,-3.10,3.26
45091228,2.94,-3.10,3.26
45094840,2.94,-3.10,3.26
45098452,2.94,-3.10,3.26
45102076,2.94,-3.10,3.26
45105696,2.94,-3.10,3.26
45109304,2.94,-3.10,3.26
45112916,2.94,-3.10,3.26
45116540,2.94,-3.10,3.26
45120144,2.94,-3.10,3.26
45123768,2.94,-3.10,3.26
45127372,2.94,-3.10,3.26
45130980,2.94,-3.10,3.26
45134588,2.94,-3.10,3.26
45138196,2.94,-3.10,3.26
45141800,2.94,-3.10,3.26
45145400,2.94,-3.10,3.26
45149016,2.94,-3.10,3.26
45152644,2.94,-3.10,3.26
45156268,2.94,-3.10,3.26
45159880,2.94,-3.10,3.26
45163484,2.94,-3.10,3.26
45167116,2.94,-3.10,3.26
45170744,2.94,-3.10,3.26
45174364,2.94,-3.10,3.26
45177976,2.94,-3.10,3.26
45181576,2.94,-3.10,3.26
45185192,3.02,-2.90,2.98
45188784,3.02,-2.90,2.98
45192376,3.02,-2.90,2.98
45195976,3.02,-2.90,2.98
45199588,3.02,-2.90,2.98
45203176,3.02,-2.90,2.98
45206776,3.02,-2.90,2.98
45210372,3.02,-2.90,2.98
45213980,3.02,-2.90,2.98
45217576,3.02,-2.90,2.98
45221168,3.02,-2.90,2.98
45224760,3.02,-2.90,2.98
45228356,3.02,-2.90,2.98
45231948,3.02,-2.90,2.98
45235552,3.02,-2.90,2.98
45239144,3.02,-2.90,2.98
45242748,3.02,-2.90,2.98
45246348,3.02,-2.90,2.98
45249948,3.02,-2.90,2.98
45253552,3.02,-2.90,2.98
45257136,3.02,-2.90,2.98
45260744,3.02,-2.90,2.98
45264348,3.02,-2.90,2.98
45267964,3.02,-2.90,2.98
45271564,3.02,-2.90,2.98
45275168,3.02,-2.90,2.98
45278764,3.02,-2.90,2.98
45282360,3.02,-2.90,2.98
45285956,3.02,-2.90,2.98
45289552,3.02,-2.90,2.98
45293164,3.02,-2.90,2.98
45296776,3.02,-2.90,2.98
45300372,3.02,-2.90,2.98
45303984,3.02,-2.90,2.98
45307580,3.02,-2.90,2.98
45311176,3.02,-2.90,2.98
45314780,3.02,-2.90,2.98
45318368,3.02,-2.90,2.98
45321964,3.02,-2.90,2.98
45325568,3.02,-2.90,2.98
45329168,3.02,-2.90,2.98
45332764,3.02,-2.90,2.98
45336368,3.02,-2.90,2.98
45339968,3.02,-2.90,2.98
45343576,3.02,-2.90,2.98
45347176,3.02,-2.90,2.98
45350772,3.02,-2.90,2.98
45354372,3.02,-2.90,2.98
45357968,3.02,-2.90,2.98
45361572,3.02,-2.90,2.98
45365176,3.02,-2.90,2.98
45368780,3.02,-2.90,2.98
45372376,3.02,-2.90,2.98
45375976,3.02,-2.90,2.98
45379580,3.02,-2.90,2.98
45383180,3.02,-2.90,2.98
45386792,3.02,-2.90,2.98
45390384,3.02,-2.90,2.98
45393980,3.02,-2.90,2.98
45397584,3.02,-2.90,2.98
45401180,3.02,-2.90,2.98
45404784,3.02,-2.90,2.98
45408400,3.02,-2.90,2.98
45412000,3.02,-2.90,2.98
45415616,3.02,-2.90,2.98
45419224,3.02,-2.90,2.98
45422824,2.98,-2.86,2.86
45426436,2.98,-2.86,2.86
45430056,2.98,-2.86,2.86
45433672,2.98,-2.86,2.86
45437296,2.98,-2.86,2.86
45440900,2.98,-2.86,2.86
45444508,2.98,-2.86,2.86
45448116,2.98,-2.86,2.86
45451728,2.98,-2.86,2.86
45455340,2.98,-2.86,2.86
45458952,2.98,-2.86,2.86
45462572,2.98,-2.86,2.86
45466188,2.98,-2.86,2.86
45469796,2.98,-2.86,2.86
45473400,2.98,-2.86,2.86
45477016,2.98,-2.86,2.86
45480640,2.98,-2.86,2.86
45484256,2.98,-2.86,2.86
45487860,2.98,-2.86,2.86
45491472,2.98,-2.86,2.86
45495100,2.98,-2.86,2.86
45498712,2.98,-2.86,2.86
45502328,2.98,-2.86,2.86
45505944,2.98,-2.86,2.86
45509560,2.98,-2.86,2.86
45513168,2.98,-2.86,2.86
45516784,2.98,-2.86,2.86
45520396,2.98,-2.86,2.86
45524012,2.98,-2.86,2.86
45527616,2.98,-2.86,2.86
45531232,2.98,-2.86,2.86
45534848,2.98,-2.86,2.86
45538472,2.98,-2.86,2.86
45542092,2.98,-2.86,2.86
45545704,2.98,-2.86,2.86
45549316,2.98,-2.86,2.86
45552928,2.98,-2.86,2.86
45556540,2.98,-2.86,2.86
45560148,2.98,-2.86,2.86
45563764,2.98,-2.86,2.86
45567376,2.98,-2.86,2.86
45571004,2.98,-2.86,2.86
45574604,2.98,-2.86,2.86
45578212,2.98,-2.86,2.86
45581828,2.98,-2.86,2.86
45585444,2.98,-2.86,2.86
45589064,2.98,-2.86,2.86
45592688,2.98,-2.86,2.86
45596288,2.98,-2.86,2.86
45599904,2.98,-2.86,2.86
45603528,2.98,-2.86,2.86
45607132,2.98,-2.86,2.86
45610748,2.98,-2.86,2.86
45614352,2.98,-2.86,2.86
45617980,2.98,-2.86,2.86
45621588,2.98,-2.86,2.86
45625204,2.98,-2.86,2.86
45628816,2.98,-2.86,2.86
45632436,2.98,-2.86,2.86
45636064,2.98,-2.86,2.86
45639688,2.98,-2.86,2.86
45643296,2.98,-2.86,2.86
45646904,2.98,-2.86,2.86
45650224,2.98,-2.86,-0.04
