704,10.43,-14.24,12.55
75427504,10.43,-14.28,12.47
75431300,10.51,-14.12,12.55
75435104,10.43,-14.20,13.14
75438896,10.83,-14.32,12.51
75442696,10.36,-14.44,12.40
75446492,10.47,-14.40,12.67
75450292,10.43,-14.24,12.47
75454092,10.36,-14.24,12.63
75457896,10.16,-14.08,12.75
75461688,10.36,-14.00,12.91
75465476,10.47,-13.65,13.10
75469272,10.51,-14.16,12.98
75473068,10.43,-14.04,13.02
75476860,10.75,-13.77,13.14
75480672,10.47,-13.85,13.10
75484464,10.36,-13.26,13.18
75488272,10.40,-13.18,13.30
75492064,10.47,-14.00,13.38
75495852,10.47,-13.89,13.06
75499644,10.20,-14.08,12.98
75503436,10.36,-13.57,13.22
75507240,10.43,-14.00,13.06
75511024,10.43,-13.96,13.02
75514824,10.47,-14.20,12.98
75518616,10.87,-14.04,12.87
75522420,10.47,-14.24,12.87
75526212,10.47,-13.96,12.75
75530016,10.47,-14.32,12.55
75533828,10.43,-14.28,12.24
75537620,10.36,-14.32,12.43
75541436,10.63,-14.47,12.40
75545232,10.43,-14.75,12.40
75549044,10.47,-15.02,12.91
75552840,10.47,-14.67,12.36
75556632,10.51,-14.36,12.40
75560444,10.47,-14.59,12.40
75564236,10.47,-14.47,12.59
75568040,10.43,-14.36,12.83
75571844,10.55,-14.55,12.83
75575652,10.55,-14.24,12.63
75579448,10.36,-14.36,12.79
75583252,10.28,-14.24,12.91
75587060,10.20,-14.59,12.94
75590852,10.32,-14.28,13.14
75594656,10.28,-14.20,12.67
75598448,10.32,-14.20,12.79
75602248,10.24,-14.04,13.02
75606036,10.12,-13.26,13.10
75609836,10.08,-13.85,13.10
75613620,10.08,-14.20,12.83
75617396,10.00,-14.40,12.83
75621172,10.00,-13.96,12.83
75624956,9.96,-14.55,12.87
75628700,10.04,-13.96,12.51
75632488,10.08,-14.04,13.02
75636268,9.85,-13.65,12.83
75640012,9.89,-14.36,12.79
75643744,9.89,-13.77,12.98
75647484,9.81,-14.08,13.06
75651232,9.92,-13.93,12.67
75654972,10.04,-13.93,12.79
75658756,9.73,-14.00,12.55
75662480,9.92,-13.96,12.83
75666224,9.89,-14.51,12.75
75669964,9.89,-14.24,13.45
75673704,9.77,-13.89,12.40
75677440,9.81,-14.04,12.71
75681168,9.85,-13.57,12.71
75684908,9.81,-13.73,12.55
75688636,9.81,-13.42,12.63
75692392,9.77,-13.61,12.71
75696132,9.81,-13.34,13.38
75699860,9.69,-13.26,12.71
75703600,9.77,-13.57,12.63
75707332,9.85,-13.57,12.51
75711080,9.77,-13.34,12.63
75714812,9.77,-13.61,12.87
75718544,9.77,-13.38,12.63
75722284,9.77,-13.06,12.94
75726024,9.81,-13.53,12.47
75729756,9.92,-13.73,12.47
75733496,9.53,-13.65,12.55
75737244,9.77,-13.77,12.43
75740976,9.69,-13.42,12.71
75744708,9.73,-13.73,12.59
75748444,9.73,-13.45,12.63
75752172,9.45,-14.08,12.71
75755900,9.77,-14.08,12.63
75759640,9.81,-13.61,12.94
75763364,9.73,-13.89,12.98
75767104,9.77,-14.12,13.26
75770840,9.77,-13.85,12.94
75774588,9.81,-13.57,13.57
75778324,10.28,-13.61,13.34
75782124,9.77,-13.49,13.49
75785856,9.81,-13.81,13.45
75789596,9.77,-13.45,13.49
75793340,9.81,-13.22,13.61
75797088,9.81,-13.22,13.38
75800824,9.77,-13.73,14.55
75804556,9.69,-13.18,13.30
75808284,9.73,-13.26,13.02
75812020,9.57,-13.57,13.18
75815752,9.81,-13.73,13.06
75819484,9.77,-14.08,13.26
75823220,9.65,-13.85,13.30
75826944,9.81,-13.96,14.04
75830676,10.00,-14.00,13.06
75834440,9.73,-13.81,12.94
75838176,10.00,-13.81,12.98
75841952,9.85,-14.08,13.02
75845684,9.85,-14.36,13.30
75849424,9.85,-13.69,13.02
75853160,10.00,-13.85,13.26
75856948,10.40,-13.77,12.91
75860740,10.00,-13.77,13.06
75864516,10.12,-13.96,12.91
75868320,10.12,-13.57,12.83
75872120,10.00,-13.96,13.14
75875908,10.04,-13.38,13.06
75879700,10.12,-13.53,14.28
75883492,9.96,-13.18,12.75
75887236,10.04,-13.49,12.59
75891020,10.04,-13.61,12.87
75894824,10.08,-13.26,12.67
75898612,10.16,-13.34,12.59
75902416,10.28,-13.69,12.59
75906224,10.20,-13.38,12.40
75910016,10.16,-13.42,12.47
75913828,10.28,-13.61,12.32
75917628,10.36,-13.57,12.63
75921440,10.16,-13.38,12.40
75925236,10.47,-13.53,12.28
75929028,10.20,-13.81,12.36
75932832,10.24,-13.69,12.47
75936624,10.40,-13.89,12.63
75940432,10.28,-13.65,12.63
75944232,10.40,-13.96,13.14
75948024,10.40,-13.93,12.71
75951840,10.59,-13.65,12.79
75955636,10.40,-13.89,12.79
75959432,10.40,-14.08,12.83
75963224,10.40,-14.08,13.02
75967016,10.83,-13.93,12.91
75970820,10.36,-13.73,12.71
75974624,10.40,-13.69,12.91
75978432,10.43,-14.00,12.55
75982224,10.40,-13.89,12.47
75986028,10.83,55
105678232,13.14,-10.08,14.83
105682080,12.91,-9.96,14.75
105685868,13.45,-9.92,15.10
105689656,13.34,-9.81,15.49
105693448,13.30,-10.16,15.53
105697300,13.18,-10.20,15.77
105701144,13.30,-10.63,15.73
105704992,13.18,-11.22,15.73
105708844,13.22,-11.49,15.46
105712704,13.10,-12.12,15.53
105716560,13.22,-12.47,15.49
105720420,13.18,-12.28,15.69
105724280,13.10,-12.91,15.65
105728128,13.10,-12.55,15.89
105731972,13.18,-12.51,15.14
105735824,12.94,-12.16,15.10
105739680,12.87,-11.89,14.98
105743540,12.71,-11.57,14.44
105747392,12.83,-11.53,14.24
105751248,12.55,-11.10,14.12
105755104,12.55,-11.38,13.53
105758960,12.47,-11.61,13.14
105762812,12.28,-12.12,12.87
105766676,12.20,-12.20,12.87
105770528,12.16,-12.55,12.32
105774392,12.24,-12.43,12.47
105778244,12.32,-12.20,12.47
105782096,12.36,-12.28,12.51
105785964,12.83,-12.36,11.92
105789812,12.59,-12.47,12.32
105793676,12.51,-12.36,12.24
105797548,12.59,-12.04,12.59
105801388,12.67,-11.77,12.83
105805240,12.47,-11.73,13.26
105809104,12.71,-11.22,13.53
105812960,12.71,-10.90,13.77
105816812,12.75,-10.87,14.08
105820676,12.83,-10.87,14.32
105824536,12.71,-10.87,14.00
105828392,12.43,-10.59,13.89
105832244,12.59,-10.40,13.38
105836104,12.55,-10.24,13.89
105839972,12.28,-10.24,13.06
105843820,12.55,-10.28,12.83
105847672,12.47,-10.40,12.67
105851528,12.20,-10.51,12.51
105855388,12.36,-10.83,12.47
105859244,12.40,-10.87,12.51
105863108,12.36,-10.87,12.51
105866968,12.36,-10.75,12.75
105870828,12.40,-11.30,13.10
105874680,12.32,-11.02,12.98
105878540,12.43,-11.53,13.22
105882388,12.40,-11.57,13.93
105886236,12.47,-11.49,13.10
105890088,12.75,-11.26,13.69
105893944,12.55,-11.22,13.26
105897804,12.59,-11.18,13.69
105901656,12.51,-11.22,14.00
105905516,12.59,-11.41,14.28
105909376,12.55,-11.85,14.16
105913228,12.87,-11.81,14.24
105917080,12.79,-12.16,14.12
105920936,12.94,-12.55,14.24
105924796,13.10,-12.55,14.79
105928640,13.14,-12.55,14.28
105932500,13.26,-12.32,14.32
105936372,13.26,-11.89,14.79
105940220,13.38,-11.85,15.42
105944076,13.34,-11.53,15.18
105947932,13.42,-10.94,14.95
105951792,13.49,-10.67,15.10
105955636,13.38,-10.43,14.98
105959492,13.42,-10.47,14.83
105963348,13.02,-10.12,14.59
105967204,12.91,-10.12,14.36
105971064,12.91,-10.87,14.00
105974920,12.47,-10.71,13.61
105978780,12.55,-10.75,13.06
105982624,12.75,-10.55,13.14
105986484,12.83,-10.83,13.61
105990344,12.67,-10.90,13.22
105994192,12.40,-10.94,13.30
105998036,12.43,-11.14,12.55
106001896,12.43,-11.30,12.63
106005748,12.94,-11.45,12.79
106009604,12.79,-11.61,12.91
106013456,12.28,-11.81,12.79
106017308,12.55,-11.49,12.71
106021156,12.47,-11.49,13.06
106025004,12.55,-11.22,13.34
106028852,12.55,-12.00,13.73
106032696,12.59,-11.81,13.93
106036552,12.51,-12.04,13.81
106040400,12.59,-12.16,14.16
106044260,12.63,-12.40,14.04
106048112,12.67,-12.51,13.85
106051968,12.98,-12.55,13.96
106055820,12.59,-12.28,14.08
106059676,12.75,-12.08,14.36
106063528,12.79,-11.81,14.44
106067380,12.83,-11.41,14.40
106071232,12.71,-11.26,14.24
106075092,12.71,-10.90,14.59
106078948,12.67,-11.02,14.83
106082808,12.79,-10.59,14.75
106086652,12.75,-10.75,14.55
106090516,12.87,-10.87,14.47
106094376,12.83,-10.75,14.40
106098224,12.67,-10.79,13.81
106102080,12.87,-10.79,13.61
106105936,12.94,-10.90,13.85
106109788,13.02,-10.87,13.61
106113636,13.18,-11.14,13.53
106117496,12.51,-11.38,13.49
106121356,12.75,-11.22,13.53
106125212,12.71,-11.02,13.65
106129060,12.75,-11.10,14.12
106132912,12.83,-11.41,14.20
106136772,12.83,-10.59,14.08
106140616,12.87,-10.55,14.59
106144480,12.83,-10.51,14.32
106148344,12.87,-10.63,14.08
106152192,13.14,-11.06,14.00
106156028,12.83,-11.30,14.12
106159892,12.83,-11.38,14.00
106163740,12.55,-11.45,13.77
106167588,12.63,-11.45,13.65
106171448,12.47,-11.77,13.49
106175300,12.55,-12.08,13.45
106179148,12.36,-12.28,13.14
106183008,12.32,-12.12,13.22
106186868,12.32,-12.32,13.30
106190720,12.28,-12.40,13.06
106194564,12.36,-12.28,13.61
106198416,12.43,-12.20,13.18
106202272,12.36,-12.16,12.98
106206136,12.67,-11.92,13.38
106209992,12.20,-11.89,13.49
106213832,12.75,-11.77,13.57
106217688,12.98,-11.61,13.61
106221544,12.67,-11.73,13.77
106225400,12.51,-12.00,13.57
106229256,12.63,-11.85,13.73
106233108,12.51,-11.92,14.75
106236968,12.51,-11.92,13.89
106240816,12.67,-11.69,13.96
106244680,12.63,-11.53,14.20
106248536,12.55,-11.22,14.20
106252384,12.83,-10.28,13.89
106256240,12.32,-9.92,13.65
106260032,12.36,-9.96,13.73
106263820,12.40,-10.00,13.73
106267672,12.43,-10.12,13.49
106271528,12.43,-10.47,13.42
106275384,12.40,-10.63,13.38
106279236,12.47,-10.71,13.53
106283096,12.47,-11.06,13.65
106286948,12.51,-11.38,13.38
106290804,12.55,-11.89,13.26
106294668,12.59,-11.89,13.45
106298528,12.63,-11.69,13.45
106302392,12.28,-12.20,13.34
106306248,12.55,-12.08,13.10
106310100,12.40,-11.96,13.10
106313948,12.36,-12.24,12.98
106317800,12.28,-12.71,12.47
106321664,12.47,-12.83,12.67
106325520,12.36,-13.14,13.06
106329368,12.36,-12.63,13.34
106333228,12.55,-12.40,13.53
106337084,12.51,-11.92,14.08
106340940,12.51,-11.69,14.12
106344792,12.36,-11.18,14.08
106348640,12.55,-10.98,14.55
106352496,12.63,-10.98,14.00
106356348,12.71,-10.94,14.00
106360196,12.55,-10.94,14.00
106364044,12.40,-10.83,13.73
106367900,12.43,-10.71,13.61
106371764,12.55,-11.10,13.38
106375608,12.28,-10.83,13.38
106379472,12.28,-10.71,13.42
106383332,12.04,-11.34,12.79
106387184,12.32,-11.18,12.63
106391040,12.36,-11.69,12.43
106394896,12.36,-11.96,12.98
106398760,12.47,-12.28,12.83
106402616,12.43,-11.89,13.22
106406476,12.59,-11.65,13.81
106410328,12.67,-11.92,13.96
106414176,12.36,-11.30,13.85
106418020,12.75,-11.30,13.89
106421876,12.55,-11.02,14.24
106425736,12.59,-11.02,13.69
106429588,12.59,-10.90,13.77
106433428,12.36,-10.79,13.73
106437280,12.36,-10.79,13.77
106441132,12.36,-11.10,13.45
106444984,12.55,-11.30,13.61
106448832,12.28,-11.38,13.42
106452692,12.36,-11.89,13.53
106456564,12.36,-11.92,13.49
106460416,12.32,-12.40,14.00
106464264,12.32,-12.08,13.93
106468108,12.75,-11.92,13.53
106471960,12.55,-12.08,13.77
106475812,12.40,-11.69,13.81
106479672,12.32,-11.77,13.65
106483536,12.43,-11.65,13.61
106487396,12.43,-11.18,13.96
106491256,12.32,-11.38,13.96
106495112,12.43,-10.94,13.34
106498968,12.43,-11.26,13.22
106502820,12.36,-11.85,13.26
106506676,12.47,-11.77,13.10
106510532,12.16,-11.53,12.94
106514376,12.43,-11.69,13.34
106518244,12.40,-11.61,13.26
106522100,12.36,-11.92,13.73
106525952,12.43,-11.89,13.22
106529812,12.75,-11.73,13.42
106533672,12.63,-11.77,13.69
106537528,12.63,-11.85,13.73
106541380,12.83,-11.81,14.20
106545236,12.91,-11.53,14.20
106549092,12.83,-11.18,14.51
106552948,12.87,-10.87,14.40
106556800,12.79,-10.59,14.28
106560664,12.75,-10.40,14.24
106564528,12.87,-10.51,14.20
106568376,12.79,-10.63,14.08
106572220,12.67,-11.02,13.96
106576076,12.75,-11.22,13.96
106579928,12.67,-11.34,13.85
106583784,12.63,-11.85,14.32
106587656,12.71,-11.38,14.63
106591524,12.43,-11.69,14.00
106595364,12.75,-12.08,14.12
106599212,12.40,-12.04,13.81
106603060,12.47,-11.61,13.73
106606916,12.28,-11.89,13.34
106610772,12.47,-11.65,13.14
106614624,12.40,-11.22,13.18
106618488,12.40,-11.34,13.45
106622344,12.36,-11.61,13.38
106626200,12.43,-11.77,13.38
106630072,12.40,-11.77,13.42
106633932,12.47,-11.85,13.42
106637784,12.59,-11.53,13.69
106641640,12.47,-11.49,13.96
106645492,12.59,-11.81,14.08
106649352,12.63,-11.65,14.32
106653204,12.59,-11.85,14.36
106657068,12.83,-11.77,14.36
106660924,12.67,-11.96,14.28
106664772,12.79,-11.96,14.32
106668624,12.71,-11.96,14.44
106672496,12.79,-11.89,14.04
106676352,12.94,-11.65,14.08
106680192,12.87,-11.38,14.16
106684044,12.51,-11.26,14.00
106687892,12.63,-11.26,13.96
106691756,12.47,-11.10,13.73
106695608,12.55,-10.94,13.53
106699472,12.51,-11.14,13.06
106703324,12.40,-11.10,12.98
106707164,12.40,-11.26,12.98
106711012,12.32,-11.30,13.18
106714872,12.32,-10.94,13.14
106718732,12.16,-10.83,12.91
106722588,12.20,-11.14,13.10
106726436,12.40,-11.73,13.14
106730284,12.40,-11.89,13.30
106734128,12.71,-12.16,13.10
106737972,12.59,-12.67,12.87
106741820,12.59,-12.32,13.18
106745672,12.47,-12.87,13.93
106749532,13.14,-12.59,13.93
106753396,12.83,-12.67,14.12
106757252,12.63,-12.04,14.36
106761100,12.71,-11.81,14.51
106764956,12.79,-11.89,14.24
106768804,12.63,-11.53,14.55
106772664,12.59,-11.26,14.36
106776520,12.59,-10.94,14.32
106780384,12.63,-10.47,14.16
106784248,12.63,-10.63,13.65
106788100,12.51,-10.55,13.49
106791952,12.43,-10.87,13.30
106795800,12.20,-10.63,13.30
106799652,12.40,-10.94,13.14
106803508,12.36,-11.14,13.10
106807352,12.36,-11.53,12.94
106811212,12.32,-11.73,12.94
106815076,12.43,-11.49,12.63
106818936,12.43,-12.16,12.79
106822792,12.32,-12.16,12.63
106826664,12.36,-12.00,12.63
106830512,12.40,-11.81,12.91
106834364,12.40,-11.38,12.98
106838220,12.43,-11.81,13.38
106842080,12.40,-11.77,13.06
106845928,12.79,-11.41,13.57
106849788,12.55,-11.65,13.73
106853652,12.59,-11.41,14.04
106857508,12.55,-11.49,14.28
106861360,13.22,-11.10,14.12
106865216,12.71,-11.06,14.00
106869060,12.59,-11.49,13.93
106872916,12.43,-11.34,14.16
106876768,12.87,-11.34,13.85
106880632,12.59,-11.26,13.57
106884488,12.51,-11.18,13.73
106888348,12.47,-11.18,13.49
106892204,12.43,-11.26,13.57
106896064,12.47,-11.06,13.14
106899912,12.51,-11.14,13.26
106903764,12.63,-11.06,13.18
106907612,12.47,-10.71,13.22
106911476,12.51,-10.98,13.26
106915340,12.55,-11.22,13.02
106919188,12.67,-11.14,13.73
106923052,12.51,-11.41,14.40
106926908,12.59,-11.92,13.73
106930760,12.67,-11.30,14.12
106934608,12.71,-11.57,13.93
106938468,12.67,-11.38,14.71
106942328,13.10,-11.61,14.28
106946176,12.71,-11.73,14.00
106950016,12.59,-11.85,14.16
106953884,12.63,-11.73,14.59
106957752,12.71,-11.06,13.93
106961608,12.59,-11.49,13.81
106965464,12.59,-10.98,13.96
106969316,12.55,-11.69,14.08
106973156,12.32,-11.06,13.77
106977012,12.63,-11.45,13.89
106980864,12.24,-7.02,13.85
106984652,12.28,-10.59,13.89
106988508,12.83,-11.34,13.61
106992368,12.40,-11.65,13.61
106996228,12.51,-11.49,13.49
107000076,12.43,-11.49,13.42
107003936,12.47,-11.53,13.38
107007788,12.59,-12.04,13.42
107011648,12.47,-12.00,13.53
107015496,12.59,-12.04,13.69
107019340,12.55,-11.85,13.65
107023192,13.14,-11.85,14.00
107027040,12.28,-11.65,13.85
107030904,12.59,-11.85,14.00
107034748,12.91,-11.85,14.08
107038592,12.87,-12.16,14.04
107042444,12.63,-11.45,14.04
107046288,12.63,-11.45,13.93
107050144,12.59,-11.26,13.53
107054008,12.98,-11.26,13.77
107057864,12.40,-10.40,13.93
107061720,12.51,-10.83,13.57
107065572,12.36,-10.98,13.69
107069428,12.36,-10.90,13.53
107073284,12.40,-10.98,13.53
107077128,12.43,-11.26,13.45
107080980,12.55,-11.30,13.34
107084832,12.47,-11.61,13.89
107088684,12.43,-12.04,13.22
107092536,12.63,-12.00,13.18
107096376,12.51,-11.89,13.26
107100228,12.43,-11.49,13.22
107104080,12.28,-11.26,13.53
107107940,12.47,-10.75,13.42
107111800,12.47,-10.90,13.26
107115648,12.40,-10.75,12.98
107119500,12.24,-11.10,13.61
107123348,12.55,-11.41,13.69
107127196,12.36,-11.65,13.93
107131068,12.55,-11.92,14.36
107134916,12.63,-12.00,13.77
107138764,12.47,-12.12,13.69
107142628,12.51,-12.40,13.81
107146488,12.47,-12.40,14.12
107150340,12.63,-11.92,13.93
107154208,12.51,-11.53,14.04
107158064,12.51,-11.02,13.89
107161912,12.51,-10.90,13.93
107165756,12.55,-10.71,13.89
107169616,12.24,-10.67,13.81
107173476,12.43,-10.63,13.49
107177336,12.32,-11.02,13.57
107181180,12.51,-11.22,13.45
107185044,12.63,-11.73,13.10
107188896,12.55,-12.12,13.30
107192748,12.59,-12.20,13.45
107196600,12.55,-12.32,13.49
107200456,12.55,-12.24,13.89
107204324,12.47,-12.08,13.96
107208176,12.59,-11.69,14.08
107212016,12.55,-11.81,14.00
107215864,12.79,-12.04,14.04
107219712,12.71,-11.65,13.93
107223568,12.59,-11.34,13.61
107227428,12.51,-11.30,14.59
107231284,12.43,-10.90,13.65
107235132,12.40,-11.26,13.65
107238984,12.51,-10.63,13.65
107242852,12.36,-10.87,13.89
107246712,12.63,-10.59,13.49
107250560,12.16,-10.79,13.49
107254420,12.32,-11.49,13.49
107258272,12.32,-11.85,13.49
107262128,12.51,-11.77,13.38
107265980,12.24,-11.77,13.61
107269844,12.28,-11.96,13.49
107273696,12.28,-12.08,13.61
107277540,12.51,-12.20,13.38
107281388,12.40,-11.81,13.57
107285240,12.43,-12.04,13.77
107289096,12.55,-11.69,13.69
107292940,12.51,-11.38,14.00
107296788,12.63,-11.26,14.04
107300640,12.75,-11.10,13.96
107304492,12.67,-10.98,13.93
107308344,12.71,-10.87,13.96
107312204,12.63,-11.06,14.16
107316060,12.71,-11.10,14.08
107319908,12.63,-11.57,14.28
107323764,12.59,-11.06,14.59
107327620,12.87,-11.10,13.93
107331476,12.63,-11.14,14.04
107335324,12.47,-11.06,13.96
107339164,12.47,-11.14,14.47
107343028,12.63,-11.45,13.96
107346884,12.51,-11.73,13.85
107350740,12.32,-11.49,13.57
107354592,12.32,-11.65,13.85
107358456,12.04,-11.65,13.18
107362316,12.04,-11.77,13.10
107366156,12.28,-11.65,13.06
107370000,12.28,-11.53,12.94
107373856,12.47,-11.38,12.91
107377720,12.32,-11.34,12.79
107381572,12.36,-11.41,12.67
107385444,12.32,-11.57,13.38
107389304,12.40,-11.30,12.87
107393152,12.51,-11.10,13.02
107396996,12.43,-10.98,13.30
107400848,12.51,-10.94,13.26
107404708,12.47,-10.90,13.57
107408556,12.75,-10.83,13.93
107412416,12.40,-10.67,14.20
107416276,12.59,-11.26,14.44
107420128,12.63,-11.30,14.63
107423976,12.87,-10.90,14.08
107427816,12.59,-11.89,14.28
107431672,12.71,-11.77,13.85
107435536,12.75,-11.77,14.24
107439388,12.91,-11.81,13.73
107443252,12.83,-11.77,13.96
107447100,12.79,-12.91,14.24
107450956,12.75,-12.75,14.71
107454820,12.98,-12.32,14.28
107458672,12.43,-11.73,14.36
107462532,12.55,-12.20,14.32
107466380,12.51,-11.73,14.28
107470232,12.47,-11.49,14.16
107474092,12.40,-11.26,14.16
107477948,12.51,-11.22,13.89
107481808,12.43,-10.90,13.73
107485656,12.32,-10.83,13.81
107489516,12.36,-10.55,13.42
107493368,12.43,-10.59,13.42
107497224,12.32,-10.51,13.49
107501076,12.16,-10.90,13.34
107504924,12.36,-10.63,13.30
107508776,12.32,-10.90,12.98
107512628,12.28,-10.94,13.06
107516488,12.28,-11.61,12.67
107520344,12.28,-12.16,12.40
107524200,12.28,-12.75,12.67
107528048,12.36,-13.10,12.87
107531900,12.32,-12.94,13.49
107535748,12.47,-12.47,13.06
107539600,12.55,-12.32,13.26
107543472,12.51,-11.53,13.65
107547328,12.40,-11.18,13.89
107551180,12.51,-11.06,13.26
107555036,12.36,-11.02,13.22
107558888,12.32,-10.87,13.26
107562744,12.32,-11.14,13.61
107566596,12.20,-11.22,13.22
107570452,12.24,-10.98,13.49
107574316,12.20,-11.26,13.57
107578164,12.24,-11.34,13.93
107582028,12.43,-11.45,13.57
107585892,12.40,-11.53,13.49
107589736,12.28,-11.49,13.61
107593596,12.32,-11.73,13.96
107597456,12.36,-12.08,13.61
107601308,12.43,-12.36,13.81
107605164,12.55,-12.24,14.04
107609028,12.63,-11.81,14.12
107612896,12.83,-11.41,14.44
107616756,12.59,-11.10,14.55
107620608,12.67,-10.55,14.32
107624472,12.67,-10.40,14.63
107628316,12.63,-10.83,14.08
107632164,12.67,-10.47,14.00
107636004,12.55,-10.94,14.04
107639856,12.43,-11.49,14.04
107643708,12.67,-11.34,13.93
107647568,12.59,-11.89,13.57
107651432,12.20,-11.85,13.69
107655280,12.36,-12.51,13.89
107659140,12.40,-12.16,13.57
107662984,12.43,-12.43,13.53
107666844,12.36,-11.92,13.38
107670708,12.28,-11.45,13.57
107674556,12.32,-12.08,13.57
107678412,12.36,-11.77,13.18
107682268,12.08,-12.08,13.22
107686108,12.28,-11.65,13.22
107689956,12.36,-11.73,13.30
107693820,12.63,-11.81,12.98
107697680,12.40,-11.41,13.34
107701528,12.43,-11.22,13.30
107705384,12.32,-11.06,13.42
107709232,12.55,-10.75,13.42
107713088,12.47,-10.55,13.49
107716936,12.55,-10.63,13.42
107720788,12.47,-10.75,13.49
107724636,12.59,-10.98,13.61
107728500,12.79,-10.87,14.32
107732352,12.59,-10.87,14.08
107736208,12.83,-10.90,14.44
107740052,12.91,-10.59,14.36
107743904,12.98,-10.71,14.40
107747752,13.14,-11.14,14.55
107751620,12.94,-11.18,14.71
107755476,12.98,-10.87,15.53
107759332,12.79,-11.06,14.59
107763188,12.91,-10.87,14.44
107767044,12.79,-11.22,14.44
107770904,12.75,-10.90,14.20
107774744,12.55,-11.18,14.04
107778600,12.40,-11.02,13.93
107782452,12.51,-11.26,13.93
107786304,12.55,-11.61,13.42
107790156,12.32,-11.96,13.49
107794024,12.40,-11.89,13.38
107797876,12.36,-12.12,13.14
107801740,12.36,-12.04,13.34
107805596,12.55,-11.96,13.22
107809452,12.40,-11.77,13.06
107813300,12.36,-11.81,12.94
107817156,12.32,-11.81,13.18
107821016,12.28,-11.81,13.22
107824880,12.16,-11.53,13.18
107828736,12.24,-11.49,13.14
107832596,12.32,-11.45,13.10
107836460,12.40,-11.81,13.34
107840316,12.43,-11.69,13.42
107844184,12.28,-11.38,13.38
107848044,12.40,-11.30,13.57
107851888,12.43,-11.26,13.85
107855740,12.59,-11.38,13.73
107859600,12.51,-10.79,13.93
107863464,12.47,-10.87,13.81
107867320,12.59,-10.16,14.40
107871176,12.87,-10.79,13.85
107875040,12.71,-10.63,14.00
107878880,12.91,-10.94,14.20
107882728,12.94,-11.45,14.55
107886576,13.38,-11.92,14.63
107890440,13.06,-11.89,14.59
107894296,13.14,-11.65,14.95
107898148,13.10,-11.69,14.75
107902008,13.61,-11.53,15.14
107905868,12.75,-11.30,15.46
107909720,12.75,-11.10,14.87
107913576,12.59,-11.61,14.55
107917436,12.71,-11.30,14.24
107921296,12.55,-10.83,13.81
107925148,12.32,-10.87,13.73
107929008,12.36,-11.10,13.45
107932872,12.55,-11.06,13.34
107936716,12.36,-11.10,13.53
107940576,12.24,-11.02,13.38
107944436,12.32,-11.10,13.34
107948292,12.32,-11.18,13.14
107952160,12.43,-11.22,12.71
107956028,12.32,-11.34,12.71
107959888,12.40,-11.61,12.75
107963752,12.16,-11.65,12.67
107967612,12.43,-12.20,12.79
107971468,12.40,-12.24,13.02
107975312,12.28,-11.89,13.02
107979160,12.40,-12.08,13.18
107983016,12.40,-11.73,13.61
107986876,12.47,-12.00,13.89
107990720,12.75,-11.89,14.04
107994564,12.63,-11.38,14.32
107998428,12.75,-11.10,13.73
108002280,12.67,-11.30,13.53
108006132,12.67,-10.90,13.73
108009984,12.59,-10.71,13.14
108013840,12.87,-10.94,13.53
108017704,12.55,-10.98,13.61
108021552,12.63,-10.83,13.73
108025420,12.55,-10.79,13.61
108029288,12.40,-10.90,14.08
108033124,13.02,-10.98,14.24
108036968,12.83,-10.87,14.20
108040824,12.71,-11.10,14.59
108044680,12.98,-11.30,14.16
108048532,12.67,-11.49,14.24
108052384,12.67,-11.89,13.85
108056244,12.59,-12.00,13.96
108060080,12.67,-12.43,14.24
108063936,12.75,-12.32,13.42
108067804,12.79,-12.28,13.02
108071664,12.63,-12.16,12.67
108075520,12.67,-12.16,12.59
108079384,12.32,-11.96,12.51
108083248,12.24,-11.45,12.63
108087100,12.40,-11.38,12.83
108090952,12.28,-10.83,13.49
108094820,12.20,-10.16,12.83
108098672,12.36,-10.59,13.06
108102520,12.28,-10.55,13.02
108106364,12.32,-10.47,13.93
108110224,12.32,-10.75,13.45
108114080,12.36,-11.02,13.61
108117936,12.47,-11.61,13.45
108121800,12.47,-11.77,13.34
108125664,12.63,-11.53,13.57
108129516,12.40,-12.08,13.81
108133360,12.55,-12.12,13.81
108137224,12.43,-12.32,13.93
108141076,12.20,-12.20,13.65
108144920,12.79,-12.24,13.49
108148772,12.40,-12.00,13.45
108152608,12.51,-12.04,13.34
108156464,12.83,-11.77,13.49
108160308,12.40,-12.08,13.14
108164152,12.47,-12.12,13.57
108168016,12.75,-12.20,13.73
108171868,12.94,-12.12,13.85
108175732,12.55,-12.08,14.16
108179588,12.67,-12.00,14.40
108183428,12.75,-11.69,14.24
108187284,12.83,-11.69,14.40
108191132,12.83,-11.41,14.40
108194988,13.02,-10.90,14.04
108198836,12.91,-10.75,13.93
108202704,12.67,-10.67,13.93
108206556,12.55,-10.43,13.96
108210412,12.55,-10.51,13.81
108214268,12.36,-10.75,13.77
108218124,12.36,-10.83,14.44
108221976,12.59,-11.06,13.57
108225824,12.51,-11.41,13.49
108229688,12.51,-11.30,13.53
108233536,12.43,-12.16,13.49
108237396,12.98,-12.12,13.38
108241264,12.43,-12.71,13.61
108245116,12.47,-12.47,13.30
108248964,12.47,-12.32,13.53
108252820,12.79,-11.96,13.26
108256676,12.55,-11.34,13.18
108260528,12.59,-11.73,13.34
108264384,12.59,-11.41,13.49
108268240,12.59,-11.18,13.30
108272088,12.91,-11.06,13.45
108275936,12.63,-11.30,13.38
108279796,12.75,-11.41,13.57
108283660,12.67,-11.26,13.85
108287508,12.51,-11.53,13.81
108291376,12.63,-11.53,14.08
108295228,12.59,-11.26,14.24
108299080,12.51,-11.22,14.51
108302936,12.51,-10.94,14.32
108306796,12.59,-11.49,14.36
108310660,12.63,-11.61,14.55
108314512,12.55,-11.61,14.51
108318376,12.59,-12.08,14.08
108322216,12.59,-12.08,13.85
108326060,12.63,-12.51,13.69
108329916,12.71,-12.43,13.73
108333776,12.67,-12.08,13.53
108337624,12.71,-12.12,13.49
108341484,12.63,-11.61,13.81
108345336,12.55,-11.57,14.00
108349184,12.51,-11.73,13.77
108353036,12.71,-11.73,13.77
108356888,12.43,-11.18,13.85
108360744,12.47,-11.38,13.89
108364596,12.43,-10.75,13.96
108368456,12.51,-10.79,13.65
108372312,12.47,-10.43,13.53
108376172,12.51,-10.79,13.61
108380024,12.55,-11.18,13.53
108383876,12.55,-11.30,12.94
108387724,12.43,-11.49,12.94
108391584,12.40,-11.53,12.98
108395448,12.20,-11.81,13.06
108399296,12.51,-12.00,12.91
108403152,12.36,-12.16,13.22
108407012,12.36,-11.69,13.26
108410860,12.36,-12.36,14.12
108414724,12.43,-12.28,13.53
108418584,12.43,-12.28,13.53
108422444,12.55,-12.00,14.00
108426280,12.55,-11.89,13.69
108430124,12.51,-11.61,13.69
108433992,12.51,-11.57,13.61
108437860,12.59,-11.02,13.65
108441704,12.63,-11.06,13.81
108445560,12.79,-10.67,13.26
108449416,12.79,-10.98,13.42
108453272,12.59,-10.87,13.18
108457128,12.67,-11.02,13.93
108460996,12.91,-11.06,13.34
108464852,12.43,-11.41,13.57
108468704,12.51,-11.26,13.89
108472568,12.51,-11.41,13.85
108476436,12.79,-11.34,13.69
108480288,12.55,-11.26,13.96
108484136,12.47,-11.18,13.85
108488000,12.47,-10.98,13.96
108491852,12.36,-11.30,13.81
108495704,12.55,-11.22,13.89
108499568,12.47,-11.22,13.77
108503424,12.40,-11.06,13.85
108507272,12.40,-10.98,13.89
108511120,12.59,-11.22,13.65
108514976,12.43,-11.22,13.65
108518832,12.55,-11.30,13.77
108522688,12.43,-11.45,13.77
108526540,12.79,-11.65,13.81
108530408,12.59,-11.85,14.00
108534264,12.63,-11.96,13.69
108538108,12.59,-12.36,14.24
108541968,12.91,-12.67,13.61
108545828,12.59,-12.63,13.30
108549680,12.67,-12.67,13.34
108553528,12.63,-12.94,13.53
108557384,12.36,-12.51,13.30
108561236,12.36,-12.24,13.34
108565100,12.40,-11.53,13.49
108568952,12.40,-11.53,13.93
108572812,12.83,-11.06,13.61
108576668,12.32,-10.43,13.73
108580520,12.40,-10.79,13.77
108584372,12.32,-10.75,14.20
108588228,12.43,-10.83,13.65
108592080,12.32,-10.87,13.81
108595944,12.40,-11.22,13.85
108599804,12.36,-11.53,14.08
108603660,12.43,-11.30,13.65
108607512,12.32,-11.26,13.69
108611376,12.40,-11.57,13.81
108615236,12.40,-11.77,13.77
108619084,12.43,-11.34,13.61
108622940,12.63,-11.81,13.93
108626804,12.59,-12.08,13.81
108630656,12.43,-12.04,14.04
108634496,12.47,-12.08,13.89
108638344,12.51,-12.28,13.65
108642200,12.71,-11.85,13.85
108646052,12.59,-11.49,13.85
108649900,12.67,-11.41,13.85
108653756,12.59,-11.26,13.61
108657608,12.40,-10.94,13.69
108661472,12.55,-10.90,13.73
108665328,12.47,-10.87,13.73
108669180,12.63,-11.22,13.81
108673040,12.59,-11.34,14.00
108676880,12.36,-11.65,14.08
108680728,12.40,-11.69,14.32
108684580,12.51,-12.63,13.61
108688440,12.36,-12.63,13.69
108692292,12.43,-12.20,13.73
108696156,12.47,-12.28,14.20
108700012,12.94,-12.43,13.77
108703872,12.47,-12.16,13.96
108707724,12.47,-11.77,13.85
108711576,12.59,-11.53,13.73
108715432,12.55,-11.38,13.61
108719292,12.40,-11.02,13.45
108723144,12.40,-10.67,13.42
108727000,12.36,-10.94,13.69
108730860,12.40,-10.87,13.10
108734712,12.55,-10.98,13.77
108738580,12.47,-11.06,13.53
108742432,12.59,-11.45,13.49
108746280,12.71,-11.49,13.65
108750140,12.51,-11.49,13.73
108753996,12.59,-11.89,13.89
108757840,12.63,-12.16,14.47
108761700,12.71,-12.20,14.79
108765560,12.83,-11.96,14.12
108769424,12.91,-12.32,14.04
108773276,12.71,-11.89,13.93
108777144,12.55,-12.04,13.69
108780996,12.63,-11.81,13.73
108784848,12.67,-11.61,13.53
108788696,12.47,-11.06,13.30
108792556,12.47,-11.26,13.85
108796416,12.55,-11.06,13.22
108800264,12.32,-11.45,13.26
108804120,12.36,-11.65,13.18
108807980,12.32,-11.92,13.38
108811840,12.24,-12.12,13.18
108815692,12.40,-12.28,13.22
108819552,12.40,-12.67,13.18
108823400,12.40,-12.55,13.14
108827260,12.79,-12.16,13.02
108831108,12.36,-12.04,13.26
108834960,12.43,-11.65,13.57
108838824,12.51,-11.18,13.81
108842672,12.71,-10.71,13.69
108846524,12.59,-10.32,13.77
108850384,12.55,-10.32,13.93
108854240,12.55,-10.47,13.57
108858092,12.51,-10.16,13.96
108861960,12.47,-10.28,13.49
108865812,12.59,-10.51,13.53
108869680,12.59,-10.87,13.45
108873532,12.36,-11.34,13.42
108877400,12.51,-11.96,13.49
108881264,12.71,-11.96,13.65
108885124,12.51,-12.71,13.89
108888988,12.55,-12.79,13.65
108892832,12.79,-12.79,13.96
108896680,12.59,-12.43,14.00
108900524,12.67,-12.43,14.36
108904380,12.55,-12.40,13.93
108908236,12.75,-12.12,14.08
108912092,12.43,-11.77,14.04
108915936,12.43,-11.69,13.96
108919788,12.32,-11.49,14.32
108923652,12.32,-11.26,13.45
108927508,12.36,-11.49,13.30
108931364,12.32,-11.10,13.42
108935224,12.36,-11.38,13.57
108939084,12.43,-11.06,13.38
108942936,12.55,-10.87,13.53
108946800,12.32,-11.06,13.61
108950660,12.32,-11.10,14.32
108954508,12.43,-11.14,13.53
108958364,12.36,-11.38,13.49
108962220,12.43,-11.73,13.53
108966080,12.47,-11.81,13.49
108969928,12.55,-11.96,13.45
108973788,12.59,-11.85,13.73
108977656,12.83,-11.77,13.81
108981504,12.71,-11.57,13.96
108985368,12.75,-11.73,13.81
108989224,12.75,-11.81,14.00
108993064,12.79,-11.65,13.93
108996916,12.63,-11.69,14.04
109000764,12.67,-11.73,14.00
109004604,12.59,-11.14,13.96
109008468,12.51,-11.89,13.89
109012328,12.63,-11.45,13.69
109016176,12.59,-11.69,14.87
109020024,12.32,-12.00,13.73
109023868,12.43,-11.85,13.81
109027720,12.43,-11.49,13.77
109031580,12.40,-11.45,13.96
109035440,12.67,-11.30,13.53
109039288,12.32,-11.02,13.61
109043144,12.43,-11.34,13.49
109046996,12.32,-11.10,13.61
109050848,12.40,-11.18,13.14
109054704,12.16,-11.41,13.22
109058564,12.28,-11.45,13.34
109062420,12.36,-11.61,13.22
109066276,12.43,-11.77,13.06
109070132,12.24,-11.96,13.22
109073988,12.32,-11.65,13.10
109077836,12.32,-11.81,13.14
109081688,12.16,-11.53,13.10
109085544,12.36,-11.49,13.02
109089400,12.40,-11.53,13.02
109093244,12.43,-11.73,13.14
109097100,12.67,-12.12,13.30
109100956,12.63,-11.57,13.14
109104812,12.75,-11.92,13.38
109108664,12.67,-11.26,13.85
109112516,12.59,-11.38,14.24
109116376,12.75,-11.45,14.28
109120244,12.59,-11.14,14.36
109124096,12.55,-11.14,14.20
109127948,12.71,-11.14,14.47
109131812,12.55,-10.83,14.51
109135660,12.67,-11.22,14.51
109139520,12.71,-11.61,14.55
109143384,12.67,-12.12,14.59
109147240,12.36,-12.04,14.28
109151088,12.47,-11.96,14.12
109154948,12.67,-12.16,14.00
109158792,12.79,-11.65,13.85
109162656,12.87,-11.38,13.69
109166516,12.59,-11.38,13.57
109170380,12.51,-11.14,13.45
109174240,12.40,-10.98,13.34
109178088,12.59,-10.75,13.02
109181932,12.24,-10.79,12.79
109185796,12.32,-10.47,12.75
109189660,12.12,-10.47,12.51
109193512,12.24,-10.67,12.67
109197372,12.28,-10.94,12.67
109201224,12.04,-10.94,12.87
109205072,12.24,-11.18,12.98
109208932,12.20,-11.41,13.02
109212780,12.28,-12.04,13.18
109216632,12.28,-11.53,13.22
109220488,12.28,-12.12,13.89
109224344,12.36,-11.77,14.20
109228200,12.08,-11.53,13.96
109232052,12.24,-11.73,14.00
109235896,12.43,-11.26,14.00
109239736,12.63,-11.22,13.96
109243588,12.71,-12.16,14.04
109247444,12.67,-12.51,14.12
109251308,12.67,-12.83,14.32
109255172,12.67,-13.02,14.71
109259020,12.75,-12.83,14.59
109262880,13.02,-12.59,14.79
109266720,12.79,-12.51,14.83
109270576,12.98,-11.69,14.75
109274432,12.94,-11.73,14.95
109278284,12.83,-11.65,14.98
109282132,12.83,-11.45,15.14
109285992,12.83,-11.02,15.06
109289844,12.79,-10.98,15.02
109293692,12.47,-10.98,14.83
109297548,12.59,-11.38,14.67
109301404,12.63,-11.49,14.79
109305252,12.51,-11.49,14.79
109309116,12.28,-11.49,14.32
109312972,12.08,-11.22,14.20
109316816,11.77,-11.49,14.16
109320672,11.61,-11.85,12.67
109324536,11.38,-12.24,11.92
109328404,11.45,-12.20,11.02
109332244,11.14,-11.85,10.04
109336088,11.14,-11.02,9.89
109339876,11.18,-11.41,8.79
109343672,11.06,-11.30,8.79
109347452,10.83,-11.26,8.75
109351244,10.83,-11.34,8.98
109355040,11.96,-9.34,9.41
109358776,11.41,-15.34,-0.27
109362568,9.14,2.28,-7.65
109366244,40.32,1.18,126.15
109370088,30.79,-31.93,61.00
109373948,14.44,-29.07,-61.82
109377808,-7.92,0.24,57.55
109381552,-104.07,10.79,138.20
109385532,-71.04,-25.93,79.67
109389408,4.31,-47.86,127.33
109393264,65.63,-116.74,120.54
109397228,-113.52,-96.30,69.08
109401148,-20.28,-29.66,69.04
109405000,128.35,-157.93,31.26
109408976,-45.27,-10.90,56.53
109412852,-113.21,-89.24,-55.66
109416808,132.66,22.95,-72.84
109420716,-92.65,21.34,5.37
109424504,78.45,17.57,-40.60
109428360,24.36,0.12,63.74
109432132,22.52,15.10,42.80
109435964,4.04,22.28,31.07
109439744,12.75,25.65,37.93
109443580,12.59,21.10,30.75
109447420,10.24,13.65,31.11
109451244,9.18,8.28,24.60
109454964,6.12,13.38,-141.33
109458816,-16.36,-60.76,-92.46
109462704,96.58,26.44,12.08
109466548,12.24,-10.63,6.79
109470336,4.20,-5.49,-10.16
109474080,10.16,-2.43,-14.79
109477884,-12.12,-30.01,-27.69
109481776,5.37,-13.38,-22.24
109485584,0.39,-16.44,-23.38
109489392,1.29,-14.79,-16.71
109493196,1.10,-18.75,-10.24
109496992,0.51,-20.04,-5.77
109500740,-4.82,-23.50,-4.59
109504496,1.69,-20.36,1.06
109508228,3.37,-31.30,8.55
109511960,3.45,-30.99,10.55
109515756,5.10,-30.01,12.87
109519544,6.20,-26.60,14.32
109523332,7.49,-22.71,15.97
109527120,7.88,-20.55,16.67
109530908,11.61,-17.57,17.89
109534764,10.04,-14.79,18.01
109538620,12.40,-12.98,19.69
109542464,12.87,-16.67,20.28
109546320,14.98,-12.83,22.12
109550192,14.79,-14.28,24.01
109554040,14.20,-15.22,21.10
109557884,15.34,-13.14,25.07
109561736,21.93,26.28,35.03
109565564,21.38,-5.06,14.98
109569356,22.32,-3.18,24.83
109573148,18.04,-2.08,22.63
109576928,19.69,-1.10,24.36
109580712,18.79,-1.33,22.56
109584512,17.30,-2.24,19.93
109588312,16.95,-3.49,18.63
109592108,16.16,-5.73,17.22
109595900,16.04,-0.27,15.57
109599676,14.75,-6.86,14.36
109603472,14.20,-7.92,13.45
109607256,13.45,-9.06,12.67
109611044,13.10,-9.77,12.20
109614832,12.40,-10.40,12.28
109618688,11.69,-11.69,11.65
109622536,11.96,-12.36,11.57
109626400,9.77,-12.32,12.12
109630200,12.55,-15.97,16.55
109634052,7.85,-10.32,12.94
109637832,7.81,-7.61,7.61
109641520,7.34,-39.50,5.57
109645252,10.90,-15.69,12.43
109649096,9.81,-19.77,6.79
109652836,10.36,-17.26,11.02
109656688,10.47,-16.24,11.18
109660544,10.08,-16.36,10.00
109664392,10.36,-15.49,10.16
109668244,10.51,-14.28,10.24
109672104,10.59,-13.57,10.04
109675956,10.51,-12.67,10.47
109679812,10.71,-11.30,10.40
109683656,11.02,-12.16,11.18
109687520,11.34,-11.41,11.38
109691392,11.92,-10.94,11.73
109695236,12.28,-9.85,11.85
109699028,11.53,-8.79,11.57
109702816,11.65,-7.22,11.06
109706616,11.65,-6.83,10.94
109710404,11.69,-5.88,10.90
109714192,11.61,-5.41,10.51
109717992,11.81,-6.00,10.71
109721784,11.53,-6.08,10.83
109725568,11.49,-6.67,10.63
109729372,11.34,-7.49,10.79
109733168,11.65,-8.04,10.90
109736952,12.04,-7.81,11.10
109740744,12.24,-8.08,13.22
109744536,12.36,-12.51,12.16
109748408,10.51,-12.36,12.47
109752256,10.79,-12.87,12.40
109756116,11.45,-12.24,12.28
109759968,11.41,-13.96,13.85
109763816,3.80,-20.40,13.96
109767616,10.83,-15.26,13.77
109771476,10.55,-13.69,13.85
109775340,10.79,-12.71,13.96
109779200,10.90,-11.81,14.00
109783028,10.83,-10.94,13.85
109786888,10.83,-10.28,13.81
109790748,11.22,-10.28,12.87
109794604,11.14,-10.43,12.63
109798456,10.94,-10.63,12.32
109802316,10.83,-11.02,12.08
109806172,10.98,-11.26,11.85
109810028,11.18,-11.38,11.41
109813884,11.10,-11.69,11.18
109817736,11.18,-11.49,11.65
109821592,11.77,-11.69,11.49
109825444,11.49,-11.61,11.73
109829308,11.34,-10.87,12.36
109833164,11.45,-11.02,12.83
109837016,11.61,-11.14,12.71
109840876,11.18,-11.14,12.87
109844736,11.38,-10.98,13.18
109848600,11.41,-10.79,13.38
109852452,11.69,-10.43,12.91
109856320,11.45,-10.28,12.98
109860172,11.49,-9.89,12.87
109863968,11.57,-10.20,12.55
109867820,11.41,-10.63,12.36
109871680,11.26,-10.94,12.32
109875532,11.18,-11.10,12.24
109879388,11.14,-10.87,12.32
109883244,11.10,-10.87,12.00
109887092,11.14,-10.40,12.28
109890944,11.10,-10.43,12.28
109894796,11.10,-10.63,12.24
109898644,10.83,-10.94,12.28
109902504,11.02,-11.06,12.04
109906348,11.18,-11.77,12.04
109910208,10.87,-11.69,12.24
109914060,11.06,-11.92,11.73
109917912,10.67,-11.69,11.53
109921780,10.83,-10.83,11.22
109925632,10.94,-10.59,11.30
109929484,10.87,-10.04,10.94
109933332,10.83,-9.89,11.10
109937136,10.55,-10.08,11.18
109940984,10.79,-10.24,11.53
109944844,10.83,-10.16,11.77
109948696,10.71,-10.28,11.49
109952552,10.83,-10.43,12.00
109956396,10.94,-10.36,12.20
109960248,10.98,-10.51,12.28
109964104,11.14,-10.55,12.40
109967956,10.98,-10.79,12.55
109971816,11.41,-10.94,12.63
109975668,11.57,-11.22,13.14
109979520,11.73,-11.30,13.02
109983372,11.77,-11.65,13.81
109987224,11.85,-12.12,13.89
109991092,12.00,-12.08,14.59
109994940,12.04,-11.69,15.46
109998792,12.20,-11.85,15.02
110002632,12.20,-10.90,15.06
110006472,12.28,-10.36,14.71
110010328,12.32,-9.92,15.30
110014112,12.28,-9.34,14.24
110017920,12.20,-9.49,13.93
110021708,11.89,-9.49,13.93
110025504,11.81,-9.77,13.69
110029312,12.04,-10.16,12.79
110033164,11.22,-10.32,12.28
110037028,11.22,-10.16,11.69
110040876,11.02,-9.85,11.10
110044672,10.79,-10.32,10.71
110048532,10.67,-10.20,10.55
110052400,10.67,-10.12,10.47
110056256,10.67,-10.63,10.67
110060112,10.67,-10.75,11.10
110063960,11.06,-11.22,11.10
110067812,10.63,-11.34,11.38
110071668,10.98,-11.49,11.89
110075520,11.02,-11.85,11.73
110079376,11.18,-12.00,12.40
110083224,11.41,-12.08,12.59
110087088,11.49,-12.91,12.98
110090936,11.61,-12.91,12.98
110094788,11.69,-12.40,13.34
110098636,11.61,-12.16,13.45
110102496,11.96,-11.96,13.77
110106360,11.65,-10.94,13.65
110110208,11.85,-10.43,13.69
110114056,12.12,-10.32,13.65
110117924,11.81,-10.12,13.53
110121780,11.65,-10.08,13.61
110125620,11.61,-9.96,13.26
110129408,11.65,-10.51,13.22
110133268,11.22,-10.24,12.83
110137112,11.34,-9.92,12.87
110140920,11.38,-9.89,12.51
110144716,11.30,-9.65,12.36
110148520,11.26,-9.61,12.08
110152312,11.34,-9.73,11.85
110156108,11.10,-10.16,11.77
110159956,11.02,-10.32,11.65
110163808,11.06,-10.79,11.30
110167652,11.06,-11.18,11.45
110171512,11.06,-11.49,12.00
110175356,11.06,-11.96,12.20
110179196,11.02,-12.12,12.55
110183044,11.30,-11.92,13.22
110186888,11.26,-11.89,13.61
110190756,11.45,-11.65,13.93
110194620,11.57,-11.34,14.63
110198480,11.30,-11.41,14.32
110202348,11.53,-11.30,14.16
110206200,11.65,-11.30,14.28
110210052,11.61,-11.38,14.00
110213900,11.61,-11.30,13.57
110217752,11.45,-11.30,13.18
110221612,11.41,-11.18,12.75
110225464,11.38,-11.26,12.79
110229328,11.34,-10.98,12.67
110233200,11.18,-10.94,12.94
110237048,10.98,-10.63,12.59
110240900,11.22,-10.51,12.28
110244756,11.30,-10.43,12.20
110248604,11.34,-10.43,11.73
110252460,11.06,-10.40,11.73
110256316,11.10,-10.32,11.57
110260168,11.22,-10.40,11.34
110264032,11.34,-10.75,11.69
110267896,11.18,-10.83,11.89
110271756,11.30,-10.40,12.43
110275616,11.34,-10.94,13.26
110279468,10.90,-10.47,12.87
110283320,11.38,-10.47,12.79
110287176,11.38,-10.98,13.06
110291024,11.38,-11.06,13.10
110294868,11.14,-11.34,12.94
110298728,11.49,-10.83,12.98
110302592,11.38,-11.06,13.30
110306440,11.49,-10.67,13.42
110310300,11.81,-10.51,13.57
110314156,11.69,-10.16,13.53
110318008,11.65,-10.87,13.57
110321868,11.73,-10.94,13.85
110325724,11.65,-11.10,13.69
110329584,11.81,-11.65,13.61
110333440,11.61,-11.73,13.49
110337300,11.57,-11.61,13.49
110341160,11.45,-12.04,13.10
110345000,11.49,-11.69,13.14
110348852,11.77,-11.45,13.06
110352704,11.41,-11.10,12.79
110356556,11.41,-10.83,12.63
110360412,11.38,-10.43,12.24
110364268,11.14,-10.12,11.85
110368124,11.26,-10.24,12.16
110371980,11.14,-10.36,11.61
110375848,11.26,-10.36,11.89
110379708,11.14,-10.40,12.08
110383560,11.10,-10.28,12.43
110387408,11.10,-10.43,12.94
110391256,11.45,-10.47,12.28
110395116,11.30,-10.79,12.28
110398972,11.34,-10.87,12.75
110402824,11.30,-11.14,13.42
110406680,11.41,-11.45,13.06
110410528,11.53,-11.41,13.18
110414388,11.38,-10.36,13.06
110418236,11.41,-10.55,13.18
110422088,11.45,-10.43,13.22
110425940,11.38,-10.90,13.42
110429796,11.49,-10.40,13.30
110433648,11.53,-11.02,13.06
110437500,11.49,-11.14,12.87
110441356,11.30,-11.53,12.59
110445204,11.34,-11.22,12.40
110449060,11.38,-11.18,12.79
110452920,11.26,-11.02,12.71
110456768,11.02,-10.71,12.47
110460620,11.10,-11.02,12.71
110464460,11.38,-10.98,12.59
110468316,11.38,-11.49,12.79
110472176,11.53,-11.34,12.55
110476032,11.57,-11.06,12.51
110479876,11.34,-10.75,12.51
110483732,11.38,-10.36,12.59
110487596,11.38,-9.92,12.43
110491388,11.34,-10.20,12.67
110495232,11.34,-10.08,12.59
110499080,11.41,-10.28,12.55
110502940,11.10,-10.43,12.79
110506784,11.30,-10.59,12.83
110510632,11.38,-11.10,13.06
110514484,11.38,-11.38,13.73
110518344,11.53,-11.85,12.83
110522196,11.41,-11.38,12.75
110526064,11.30,-12.04,12.91
110529920,11.26,-11.96,13.10
110533768,11.41,-11.53,12.87
110537620,11.38,-11.49,13.02
110541476,11.26,-11.41,12.94
110545336,11.30,-11.34,13.02
110549188,11.30,-11.41,13.30
110553032,11.30,-11.10,12.63
110556896,11.34,-11.02,12.71
110560756,11.45,-11.02,12.43
110564604,11.73,-11.30,12.55
110568456,11.53,-11.18,12.47
110572316,11.45,-10.55,12.47
110576180,11.45,-10.32,12.71
110580036,11.41,-10.12,11.92
110583896,11.45,-10.00,12.32
110587736,11.22,-10.00,12.36
110591596,11.30,-10.04,12.40
110595448,11.41,-10.36,12.40
110599312,11.30,-10.55,12.59
110603164,11.57,-10.83,12.63
110607016,11.38,-10.71,13.10
110610864,11.41,-11.18,13.38
110614728,11.49,-11.30,13.10
110618576,11.53,-11.02,13.42
110622432,11.49,-10.90,13.45
110626292,11.53,-11.22,13.34
110630148,11.69,-11.26,13.34
110634016,11.65,-10.87,13.45
110637864,11.49,-10.90,13.26
110641716,11.41,-10.98,13.18
110645576,11.41,-10.75,12.94
110649428,11.26,-10.75,13.02
110653284,11.41,-10.47,12.63
110657148,11.26,-10.59,12.83
110661008,11.10,-10.67,12.63
110664860,11.06,-10.90,12.32
110668716,11.10,-11.02,12.43
110672564,10.90,-11.22,12.32
110676416,11.26,-11.34,12.12
110680276,11.14,-11.57,11.69
110684132,11.22,-11.92,11.61
110687992,11.10,-12.24,11.69
110691840,11.10,-12.47,11.92
110695692,11.22,-12.12,12.20
110699552,11.22,-12.08,12.51
110703400,11.45,-11.61,12.98
110707256,11.38,-11.30,13.18
110711100,11.77,-10.55,13.34
110714952,11.61,-10.04,13.30
110718796,11.69,-10.32,13.26
110722660,11.61,-10.12,13.26
110726516,11.34,-9.45,13.30
110730316,11.53,-10.20,13.26
110734168,11.53,-9.85,13.42
110737964,11.45,-10.87,13.14
110741816,11.45,-10.67,12.91
110745664,11.69,-11.18,13.06
110749508,11.53,-11.14,13.02
110753368,11.38,-11.34,12.94
110757232,11.65,-11.69,12.91
110761084,11.53,-11.85,12.91
110764940,11.34,-11.77,12.75
110768792,11.38,-11.73,12.79
110772644,11.26,-11.92,13.06
110776496,11.45,-11.38,12.43
110780360,11.30,-11.53,12.36
110784224,11.18,-11.77,12.59
110788084,11.02,-11.34,12.28
110791928,10.87,-10.90,12.40
110795768,11.02,-10.00,12.47
110799604,11.06,-9.96,12.51
110803384,11.06,-9.89,12.75
110807172,11.38,-9.73,12.12
110810964,10.87,-9.77,11.89
110814752,10.87,-9.92,12.00
110818536,10.83,-10.00,12.12
110822380,10.79,-10.28,12.04
110826232,10.94,-10.28,11.89
110830084,10.90,-10.40,12.20
110833920,10.94,-10.79,12.24
110837784,11.06,-10.87,12.28
110841628,11.22,-11.02,12.98
110845480,11.57,-11.10,12.79
110849332,12.00,-11.30,13.06
110853172,11.45,-11.38,13.10
110857020,11.69,-11.18,12.98
110860884,11.41,-12.04,13.06
110864728,11.61,-11.92,13.42
110868584,11.69,-12.08,13.22
110872432,11.53,-12.12,13.73
110876296,11.49,-11.69,13.65
110880144,11.57,-11.61,13.49
110883996,11.49,-11.18,13.30
110887856,11.53,-10.83,13.45
110891716,11.57,-10.79,13.30
110895572,11.61,-10.71,12.98
110899424,11.38,-10.40,12.94
110903284,11.38,-10.28,12.59
110907144,11.34,-10.24,12.28
110910996,11.26,-10.28,12.28
110914852,11.41,-10.28,12.04
110918708,11.06,-10.24,11.92
110922564,10.94,-10.28,12.83
110926420,11.02,-10.24,12.08
110930276,11.22,-10.47,11.77
110934132,11.06,-10.28,12.47
110937980,11.06,-10.98,12.59
110941820,10.79,-11.18,12.51
110945680,11.02,-11.10,12.55
110949536,11.26,-10.98,12.75
110953396,11.22,-11.69,12.67
110957260,11.14,-11.73,12.47
110961116,11.18,-11.38,12.83
110964964,11.14,-11.73,12.75
110968816,11.18,-12.00,13.06
110972660,11.49,-11.73,12.67
110976512,11.22,-11.89,12.91
110980372,11.10,-11.14,12.87
110984228,11.26,-10.90,12.87
110988072,11.22,-10.63,12.63
110991936,11.34,-10.51,12.79
110995788,11.45,-10.63,12.87
110999640,11.34,-10.12,12.83
111003496,11.45,-10.28,12.91
111007360,11.41,-10.12,12.91
111011216,11.41,-10.36,12.91
111015076,11.45,-10.43,12.71
111018940,11.22,-10.40,12.87
111022796,11.57,-10.59,12.43
111026648,11.53,-10.75,12.55
111030500,11.45,-10.08,12.63
111034352,11.49,-10.43,12.67
111038208,11.61,-10.16,12.59
111042060,11.41,-10.59,12.47
111045912,11.38,-10.36,12.67
111049776,11.26,-10.75,13.65
111053628,11.41,-11.06,12.94
111057480,11.41,-10.94,13.02
111061336,11.26,-11.41,12.98
111065188,11.34,-11.61,13.30
111069048,11.57,-11.02,12.79
111072896,11.06,-10.98,12.98
111076736,11.45,-11.38,12.83
111080596,11.41,-10.83,13.02
111084456,11.57,-11.22,12.67
111088320,11.06,-11.22,12.71
111092164,11.30,-11.26,12.75
111096012,11.22,-10.75,12.63
111099872,11.45,-10.98,12.32
111103736,11.14,-10.87,11.96
111107588,11.06,-11.06,12.12
111111428,11.18,-11.34,12.16
111115296,11.02,-11.18,12.00
111119136,11.14,-11.06,12.20
111122988,11.06,-10.75,12.24
111126832,11.18,-10.43,12.40
111130684,11.06,-10.51,12.67
111134540,11.22,-10.63,13.14
111138404,11.14,-10.36,13.38
111142268,11.41,-10.36,13.38
111146136,11.45,-10.67,13.57
111150000,11.49,-10.43,13.49
111153844,11.49,-10.63,13.69
111157704,11.69,-11.26,13.69
111161564,11.69,-11.34,13.65
111165416,11.85,-11.26,13.49
111169284,11.57,-10.75,13.30
111173136,11.57,-11.10,13.26
111176984,11.53,-10.43,13.18
111180844,11.10,-10.24,12.67
111184692,11.30,-10.36,12.75
111188556,11.22,-10.55,12.91
111192420,11.26,-11.14,12.87
111196284,11.30,-10.90,12.63
111200132,11.10,-11.10,12.43
111203972,11.02,-11.57,12.55
111207820,11.06,-11.61,12.75
111211680,11.49,-11.38,12.36
111215552,11.22,-11.53,12.36
111219416,11.06,-11.06,12.36
111223276,11.10,-11.14,12.47
111227128,11.41,-11.22,12.32
111230992,11.10,-11.22,12.36
111234840,11.22,-10.67,12.32
111238704,11.26,-10.79,12.55
111242568,11.18,-10.43,12.20
111246416,11.22,-10.32,12.16
111250276,11.61,-10.20,12.40
111254140,11.22,-10.20,12.59
111257984,11.41,-10.24,12.79
111261844,11.30,-10.28,12.87
111265704,11.41,-10.51,12.94
111269568,11.41,-10.83,12.91
111273424,11.41,-10.55,12.83
111277284,11.41,-10.71,13.06
111281136,11.49,-10.90,13.18
111284988,11.49,-11.38,13.06
111288836,11.57,-11.53,13.26
111292692,11.45,-11.45,13.30
111296552,11.26,-11.26,13.22
111300408,11.49,-11.57,13.26
111304268,11.57,-11.61,13.89
111308136,11.22,-11.26,12.98
111311988,11.38,-11.30,12.94
111315832,11.34,-11.26,13.06
111319684,11.30,-11.26,12.94
111323540,11.57,-11.30,12.91
111327392,11.34,-11.14,12.71
111331260,11.18,-11.06,12.79
111335116,11.26,-10.75,12.63
111338968,10.83,-10.32,12.20
111342820,11.06,-10.16,12.20
111346672,11.18,-10.24,12.04
111350536,11.06,-10.36,12.67
111354388,11.26,-10.12,11.92
111358248,11.06,-10.24,12.08
111362100,11.06,-10.12,11.96
111365948,11.06,-10.16,12.24
111369800,11.41,-10.36,12.40
111373660,11.34,-10.51,12.51
111377524,11.38,-10.63,12.71
111381376,11.34,-10.71,12.87
111385240,11.34,-10.83,13.02
111389096,11.57,-10.83,13.06
111392948,11.65,-10.94,13.18
111396800,11.81,-10.94,13.18
111400660,11.81,-11.14,13.10
111404520,11.53,-11.45,13.14
111408376,11.41,-11.30,12.94
111412244,11.41,-11.53,13.57
111416100,11.53,-11.49,13.81
111419952,11.41,-11.34,13.14
111423804,11.26,-11.22,13.06
111427656,11.45,-11.49,13.14
111431512,11.41,-11.49,13.38
111435364,11.02,-11.38,13.10
111439216,11.26,-10.87,13.18
111443068,11.30,-11.22,12.94
111446916,11.26,-10.83,12.75
111450764,11.02,-10.87,12.71
111454612,11.06,-10.59,12.59
111458460,11.10,-10.40,12.28
111462320,11.38,-10.67,13.22
111466176,11.41,-10.63,12.47
111470040,11.22,-10.47,12.43
111473888,11.30,-10.75,12.43
111477736,11.22,-10.51,12.40
111481592,11.18,-10.55,12.47
111485456,11.45,-10.67,12.40
111489316,11.38,-10.87,12.59
111493172,11.41,-10.94,12.63
111497032,11.41,-10.87,12.71
111500892,11.30,-10.83,12.98
111504748,11.41,-10.63,12.40
111508596,11.26,-10.47,12.40
111512452,11.45,-10.63,12.36
111516312,11.26,-10.63,12.28
111520164,11.57,-10.83,12.32
111524032,11.30,-11.18,12.51
111527880,11.14,-10.98,12.67
111531736,11.26,-10.90,12.79
111535584,11.18,-10.94,12.94
111539440,11.34,-11.34,12.98
111543304,11.38,-11.49,12.94
111547156,11.34,-11.49,13.18
111551016,11.18,-11.34,13.06
111554876,11.30,-11.22,13.10
111558720,11.26,-11.18,12.87
111562572,11.69,-11.22,12.71
111566440,11.26,-11.26,12.71
111570304,11.26,-11.38,12.71
111574172,11.22,-11.10,13.10
111578036,11.14,-10.98,12.55
111581888,11.41,-10.67,12.43
111585744,11.26,-10.55,12.43
111589596,11.41,-10.16,12.67
111593452,11.30,-10.20,12.47
111597308,11.26,-10.08,12.67
111601156,11.30,-10.20,12.75
111605000,11.22,-10.28,12.94
111608868,11.57,-10.63,12.79
111612720,11.45,-10.55,12.55
111616576,11.45,-10.59,12.55
111620432,11.34,-11.10,12.75
111624288,11.10,-11.22,12.67
111628136,11.10,-11.22,12.55
111631988,11.38,-11.30,12.71
111635852,11.30,-11.06,12.63
111639708,11.18,-11.10,12.51
111643564,11.34,-10.98,12.08
111647408,10.94,-11.45,12.24
111651264,11.14,-11.41,12.40
111655116,11.18,-11.14,12.40
111658968,11.49,-11.34,12.32
111662824,11.22,-10.63,12.51
111666692,11.30,-10.43,12.24
111670548,11.34,-10.40,12.32
111674408,11.53,-10.47,12.20
111678268,11.38,-10.59,12.47
111682136,11.22,-10.40,12.83
111685996,11.26,-10.55,12.87
111689860,11.22,-10.24,12.83
111693712,11.26,-10.71,12.83
111697564,11.30,-10.32,12.91
111701428,11.38,-10.90,13.45
111705284,11.34,-11.10,13.26
111709136,11.45,-11.02,13.14
111712992,11.49,-11.06,13.30
111716844,11.57,-11.38,13.49
111720700,11.34,-11.41,13.53
111724556,11.49,-11.38,13.57
111728416,11.45,-10.98,13.57
111732272,11.49,-11.10,13.45
111736128,11.14,-10.90,13.26
111739976,11.45,-10.98,13.02
111743820,11.38,-10.71,12.91
111747688,11.34,-10.75,12.87
111751544,11.41,-10.87,12.94
111755404,11.38,-10.55,12.87
111759276,11.38,-10.51,12.67
111763128,11.22,-10.40,12.83
111766976,11.22,-10.47,12.32
111770840,11.34,-10.63,12.36
111774700,11.14,-10.51,12.32
111778564,11.02,-10.63,12.32
111782412,10.87,-10.83,12.32
111786276,11.10,-10.83,12.40
111790132,11.06,-11.49,12.28
111793980,11.14,-11.26,12.63
111797848,11.22,-11.41,12.40
111801716,10.90,-11.30,12.51
111805564,11.34,-11.45,12.98
111809424,11.18,-11.10,12.71
111813280,11.34,-11.06,13.65
111817128,11.30,-10.87,12.63
111820980,11.49,-11.06,12.79
111824840,11.38,-10.90,12.79
111828704,11.41,-10.83,12.87
111832564,11.57,-10.67,13.18
111836428,11.57,-10.55,13.34
111840296,11.57,-10.87,13.53
111844144,11.53,-10.40,13.30
111848008,11.38,-10.51,13.49
111851864,11.57,-10.63,13.57
111855716,11.45,-10.98,13.49
111859560,11.45,-11.14,13.53
111863424,11.61,-11.02,12.94
111867276,11.22,-11.06,12.75
111871128,11.34,-11.34,12.67
111875000,11.06,-11.06,12.67
111878848,11.22,-10.59,12.32
111882704,11.30,-10.59,12.36
111886548,11.10,-10.63,12.36
111890408,11.26,-10.63,12.59
111894272,11.02,-10.43,12.43
111898120,11.02,-10.67,12.40
111901964,11.06,-10.79,12.47
111905816,11.18,-10.79,12.16
111909672,11.22,-11.02,12.47
111913524,11.38,-11.22,12.67
111917380,11.34,-11.30,12.55
111921236,11.22,-11.22,12.59
111925092,11.22,-11.30,12.51
111928952,11.22,-11.18,12.51
111932808,11.30,-10.90,12.47
111936664,11.18,-10.71,12.28
111940536,11.34,-10.75,12.24
111944396,10.94,-10.24,12.47
111948252,11.18,-9.69,12.47
111952060,11.30,-10.28,12.40
111955904,11.22,-10.16,12.79
111959776,11.45,-10.04,12.43
111963636,11.41,-10.40,12.55
111967496,11.34,-10.20,12.71
111971352,11.41,-10.79,13.38
111975212,11.14,-11.18,12.79
111979080,11.65,-11.18,12.98
111982936,11.65,-11.41,13.30
111986792,11.65,-12.00,13.81
111990640,11.61,-11.69,13.49
111994500,11.65,-12.00,13.65
111998344,11.69,-12.12,13.69
112002212,11.69,-12.20,13.81
112006072,11.89,-12.12,14.08
112009920,11.57,-12.04,14.40
112013760,11.57,-11.65,14.47
112017608,11.49,-11.30,14.95
112021456,11.53,-11.22,15.46
112025320,11.45,-10.75,15.57
112029184,11.65,-11.10,15.97
112033028,11.38,-11.34,16.59
112036896,11.53,-11.96,16.99
112040748,11.45,-11.65,17.06
112044588,11.53,-11.49,16.55
112048436,11.45,-11.14,15.65
112052292,10.98,-10.28,14.44
112056144,10.24,-10.90,13.65
112060008,10.20,-11.57,12.55
112063864,10.04,-11.96,11.22
112067704,9.73,-11.77,9.14
112071432,9.18,-24.12,-3.02
112075168,2.63,0.27,-9.45
112078852,52.92,10.24,-78.88
112082696,67.47,-67.31,115.40
112086612,13.81,16.95,-58.17
112090472,-30.68,-29.54,-56.37
112094364,111.72,159.06,16.91
112098324,-123.84,-61.94,134.55
112102324,28.56,-56.09,153.45
112106236,-1.22,-60.33,69.63
112110056,8.43,-94.81,134.00
112113896,67.04,-28.64,43.15
112117740,136.94,-126.51,99.24
112121720,88.34,-67.63,125.84
112125632,-22.28,-3.14,-85.95
112129448,149.96,-2.24,150.71
112133360,-33.93,5.96,-37.19
112137160,-43.46,-128.55,32.13
112141104,42.72,8.39,-13.14
112144900,10.75,35.77,13.02
112148732,13.30,33.81,25.18
112152560,21.93,28.99,21.54
112156408,8.16,26.91,21.93
112160184,15.73,15.85,28.67
112164012,12.79,5.33,30.48
112167784,11.18,-7.88,17.53
112171584,10.47,-11.10,13.93
112175424,8.04,28.24,-19.93
112179224,-45.46,9.34,-8.51
112182976,-3.22,-19.38,-4.98
112186740,2.67,-23.93,-1.22
112190504,4.98,-23.42,-2.55
112194244,6.55,-23.54,2.00
112197976,12.91,-14.63,-2.51
112201784,-4.63,-34.32,5.53
112205536,4.31,-28.75,-14.51
112209340,6.16,-19.22,3.10
112213072,4.75,-10.43,1.88
112216796,5.10,-19.57,4.59
112220528,5.02,-20.83,6.08
112224244,6.08,-20.28,7.69
112227976,6.90,-36.21,2.94
112231712,9.18,-19.69,9.34
112235448,10.90,-14.28,9.69
112239236,8.55,-17.22,11.69
112243044,11.81,-16.44,12.04
112246888,11.96,-16.67,14.28
112250736,12.79,-16.79,16.71
112254588,9.26,-17.34,-2.59
112258340,18.63,-17.65,25.50
112262200,15.30,-14.55,21.26
112266052,18.28,-12.28,21.46
112269908,16.51,-10.20,22.87
112273764,17.34,-10.40,21.77
112277608,21.85,-5.30,23.34
112281404,17.93,-7.77,21.22
112285208,26.71,-10.90,20.40
112289052,19.22,3.57,30.52
112292832,15.89,-2.28,19.38
112296624,20.71,7.73,16.16
112300412,15.89,1.77,29.69
112304192,17.81,-4.98,15.77
112307988,13.26,-7.34,19.93
112311792,15.38,-7.10,16.91
112315580,14.83,-9.30,16.67
112319372,14.67,-10.04,16.04
112323220,13.69,-11.57,14.95
112327072,13.10,-12.00,14.75
112330916,13.06,-13.06,14.08
112334760,12.59,-13.14,13.26
112338616,12.12,-14.28,13.53
112342476,11.30,-19.18,13.49
112346320,10.40,-14.71,10.20
112350168,12.40,-12.04,14.20
112354012,11.38,-11.38,9.85
112357804,8.71,-27.11,4.79
112361548,12.67,-15.02,10.04
112365400,11.30,-14.71,10.04
112369256,11.30,-13.93,10.40
112373112,11.41,-12.59,11.06
112376972,11.92,-12.04,10.87
112380828,12.04,-11.14,11.06
112384676,12.00,-10.79,11.34
112388520,12.32,-10.55,11.45
112392368,12.63,-9.96,11.65
112396156,12.47,-9.57,11.61
112399952,12.71,-9.30,11.41
112403740,12.83,-9.06,11.45
112407524,12.94,-9.10,12.04
112411300,13.34,-9.96,11.85
112415096,13.38,-9.30,12.20
112418880,13.45,-10.08,12.40
112422716,13.85,-9.34,13.34
112426516,13.89,-9.96,13.69
112430304,14.00,-9.85,13.96
112434100,14.00,-10.12,14.55
112437936,13.81,-9.96,15.02
112441724,13.93,-9.92,15.38
112445520,14.20,-10.28,15.18
112449368,13.93,-10.24,15.14
112453236,13.26,-11.06,13.65
112457096,13.69,-10.90,15.02
112460936,13.34,-12.24,15.69
112464788,13.26,-12.20,14.47
112468640,13.18,-12.16,14.75
112472500,12.79,-12.00,14.04
112476340,12.79,-12.98,13.89
112480196,11.96,-16.59,13.85
112484052,12.55,-11.38,13.93
112487916,12.47,-11.61,13.81
112491772,12.32,-10.94,13.89
112495632,12.36,-11.06,13.73
112499492,12.28,-11.30,12.91
112503340,12.24,-11.45,12.47
112507204,12.36,-11.34,12.43
112511060,12.32,-11.53,11.85
112514916,12.36,-11.65,12.08
112518776,12.75,-11.77,11.92
112522632,12.43,-11.02,11.85
112526492,12.40,-11.10,11.89
112530344,12.40,-10.87,12.43
112534208,12.28,-10.67,12.20
112538060,12.28,-10.71,11.89
112541912,12.40,-11.02,11.81
112545756,12.40,-11.06,12.43
112549612,12.55,-11.30,12.00
112553468,12.28,-11.06,12.16
112557316,12.43,-11.57,12.55
112561176,12.40,-11.57,12.79
112565024,12.12,-11.92,12.71
112568876,12.51,-11.53,12.83
112572728,12.43,-12.00,13.22
112576572,12.36,-12.12,13.30
112580424,12.47,-12.20,13.49
112584288,12.32,-11.65,13.77
112588148,12.40,-11.22,13.61
112592004,12.36,-10.94,13.53
112595860,12.51,-11.02,13.10
112599708,12.59,-10.51,13.30
112603556,12.63,-10.32,13.22
112607416,12.51,-10.28,13.02
112611280,12.24,-10.55,13.06
112615136,12.32,-10.43,13.22
112619000,12.40,-10.67,13.22
112622860,12.28,-11.14,13.61
112626724,12.28,-11.61,13.65
112630580,12.36,-11.85,13.06
112634432,12.28,-12.47,12.91
112638296,12.43,-12.75,13.02
112642148,12.43,-12.59,13.45
112645996,12.16,-12.67,13.26
112649852,12.51,-12.32,13.53
112653704,12.59,-12.16,13.69
112657556,12.59,-11.69,13.85
112661404,12.67,-10.90,14.16
112665256,12.55,-11.18,14.24
112669108,12.59,-10.47,14.32
112672972,12.71,-10.75,14.83
112676824,12.63,-10.36,14.24
112680680,12.51,-10.43,14.08
112684536,12.55,-10.67,14.08
112688388,12.63,-10.94,14.36
112692252,12.40,-10.55,13.38
112696096,12.40,-10.43,12.87
112699944,12.32,-10.43,12.63
112703804,12.28,-10.47,12.20
112707656,12.20,-11.02,11.73
112711504,12.04,-11.14,11.45
112715356,11.96,-11.41,11.49
112719224,11.81,-11.57,11.14
112723084,11.77,-11.49,11.18
112726940,12.12,-10.90,12.04
112730788,12.16,-10.83,12.24
112734648,12.00,-10.87,12.47
112738504,12.04,-11.06,13.02
112742340,12.16,-11.53,13.30
112746208,12.20,-11.49,13.65
112750056,12.12,-11.73,13.81
112753904,12.20,-12.28,14.79
112757764,12.24,-12.47,14.04
112761616,12.24,-12.28,14.12
112765476,12.28,-11.96,14.28
112769324,12.32,-12.24,14.24
112773188,12.08,-12.04,13.93
112777032,12.28,-12.59,14.04
112780880,12.32,-12.36,13.57
112784740,12.40,-12.51,14.24
112788596,12.71,-12.91,13.77
112792460,12.55,-12.40,14.00
112796300,12.63,-12.04,14.51
112800148,12.75,-11.81,14.83
112804008,13.10,-11.10,14.79
112807860,12.87,-10.79,14.91
112811716,12.79,-10.71,14.98
112815560,12.83,-10.40,14.87
112819408,12.71,-10.36,14.67
112823272,12.83,-10.71,14.32
112827132,12.79,-10.75,14.16
112830984,12.67,-10.83,13.93
112834836,12.63,-10.94,13.69
112838696,12.43,-11.45,13.38
112842544,12.59,-11.73,13.49
112846400,12.43,-11.77,13.49
112850256,12.32,-11.85,13.65
112854108,12.36,-12.24,13.65
112857972,12.16,-11.73,13.69
112861824,12.32,-11.73,13.69
112865676,12.28,-11.45,14.20
112869528,12.40,-11.61,13.57
112873392,12.28,-11.96,13.57
112877248,12.32,-11.85,14.08
112881096,12.28,-12.00,14.28
112884944,12.08,-12.04,13.81
112888796,12.20,-11.89,13.77
112892652,12.32,-11.41,13.69
112896512,12.24,-11.22,13.38
112900376,12.51,-10.98,13.34
112904240,12.36,-11.02,13.53
112908084,12.28,-11.18,13.22
112911948,12.28,-11.53,13.30
112915808,12.36,-12.04,13.18
112919656,12.40,-12.16,13.45
112923504,12.55,-11.92,13.73
112927360,12.79,-11.73,13.81
112931220,12.87,-11.45,14.47
112935076,12.94,-11.06,14.20
112938920,12.98,-10.83,14.16
112942780,13.06,-10.55,14.16
112946632,12.87,-10.59,14.28
112950492,12.87,-10.51,14.20
112954340,12.83,-10.79,14.24
112958208,12.79,-10.75,14.16
112962064,12.75,-11.14,14.63
112965916,12.83,-11.30,13.69
112969768,12.67,-11.30,13.81
112973616,12.55,-11.61,13.73
112977484,12.59,-11.69,14.08
112981328,12.24,-11.41,13.69
112985184,12.59,-11.69,13.42
112989040,12.28,-11.49,13.77
112992892,12.32,-11.61,14.08
112996740,11.92,-11.57,13.10
113000600,12.04,-11.85,13.45
113004464,12.20,-12.04,13.73
113008308,12.20,-11.41,13.81
113012168,11.85,-11.73,13.30
113016020,12.16,-11.22,13.49
113019872,12.04,-11.65,13.42
113023724,12.08,-12.00,13.89
113027568,12.00,-11.96,13.65
113031408,12.04,-11.89,13.38
113035260,12.28,-12.04,13.81
113039112,12.28,-11.89,13.73
113042968,12.43,-11.92,13.38
113046820,12.43,-11.89,13.22
113050676,12.55,-12.28,13.45
113054528,12.63,-12.36,13.77
113058392,12.75,-12.28,13.85
113062256,12.87,-11.41,13.96
113066116,12.91,-10.98,14.44
113069968,12.59,-10.51,14.44
113073820,12.83,-10.28,14.55
113077668,12.67,-10.12,14.40
113081516,12.55,-9.92,14.47
113085308,12.75,-10.04,14.44
113089160,12.59,-10.00,14.08
113092996,12.55,-10.94,14.12
113096856,12.51,-11.10,14.16
113100716,12.43,-11.61,13.89
113104568,12.40,-11.77,13.57
113108412,12.28,-11.85,13.69
113112268,12.32,-12.00,13.57
113116112,12.28,-12.04,13.57
113119968,12.12,-12.00,13.22
113123824,12.36,-11.81,13.06
113127680,11.85,-12.00,12.98
113131516,11.96,-11.92,12.98
113135384,11.96,-11.96,13.18
113139240,12.00,-11.73,13.57
113143080,11.81,-11.85,13.02
113146936,12.04,-11.85,12.94
113150792,12.04,-11.81,12.91
113154652,11.69,-11.77,12.79
113158508,12.04,-11.77,12.83
113162364,11.89,-11.57,12.98
113166220,12.00,-11.57,12.94
113170064,12.08,-10.94,12.59
113173908,12.32,-10.90,12.87
113177756,12.28,-11.45,12.98
113181620,12.28,-11.41,13.45
113185484,12.24,-11.53,13.26
113189336,12.55,-11.34,13.57
113193196,12.32,-11.10,13.61
113197052,12.43,-11.10,13.73
113200904,12.59,-11.18,14.36
113204756,12.40,-11.26,13.89
113208608,12.67,-11.26,13.73
113212476,12.51,-11.22,13.93
113216332,12.55,-11.45,14.12
113220196,12.51,-11.22,14.28
113224060,12.75,-11.61,14.12
113227920,12.55,-11.65,14.24
113231784,12.71,-12.04,14.47
113235636,12.59,-11.92,14.51
113239488,12.43,-12.00,14.63
113243332,12.51,-12.08,14.47
113247184,12.43,-12.08,14.71
113251044,12.47,-12.08,14.20
113254896,12.47,-12.28,14.24
113258748,12.40,-11.81,14.36
113262608,12.32,-11.69,14.32
113266472,12.32,-11.73,14.40
113270328,12.32,-11.81,13.89
113274188,12.32,-11.57,13.81
113278044,12.28,-11.65,13.57
113281896,12.28,-11.26,13.14
113285752,11.96,-11.41,13.14
113289608,12.16,-11.18,13.06
113293472,12.12,-11.10,12.91
113297332,12.16,-11.49,13.85
113301192,12.24,-11.53,12.94
113305060,12.24,-11.65,13.10
113308904,12.28,-12.20,12.98
113312748,12.32,-11.73,13.53
113316612,12.47,-11.92,13.18
113320476,12.59,-12.36,13.57
113324328,12.36,-11.73,14.00
113328184,12.43,-11.49,14.00
113332028,12.75,-11.14,13.57
113335888,12.40,-11.26,13.85
113339748,12.43,-11.45,13.96
113343604,12.55,-11.34,14.40
113347456,12.79,-11.49,14.04
113351300,12.36,-11.69,14.04
113355156,12.40,-11.85,14.28
113359016,12.43,-11.89,14.04
113362872,12.71,-11.89,14.16
113366732,12.47,-11.96,13.96
113370584,12.40,-12.08,14.00
113374424,12.36,-12.12,13.69
113378280,12.40,-12.20,13.73
113382132,12.51,-11.85,13.34
113385984,12.43,-11.65,13.45
113389836,12.43,-11.49,13.30
113393688,12.32,-11.57,13.14
113397540,12.24,-11.34,12.98
113401392,12.00,-11.38,13.10
113405236,12.08,-11.18,12.94
113409084,12.16,-11.26,13.45
113412944,12.16,-11.22,13.26
113416808,12.40,-11.18,13.30
113420664,12.32,-11.18,13.93
113424524,12.32,-11.14,13.57
113428380,12.71,-11.38,13.89
113432244,12.32,-11.38,14.20
113436096,12.43,-11.30,14.24
113439952,12.36,-11.89,14.32
113443808,12.20,-11.73,14.16
113447664,12.36,-11.65,13.93
113451520,12.32,-11.61,13.65
113455372,12.36,-11.85,13.61
113459248,12.32,-11.89,12.94
113463100,12.32,-11.92,12.55
113466956,12.28,-11.96,12.47
113470820,12.24,-11.85,12.43
113474672,12.08,-11.65,12.59
113478512,12.12,-11.89,12.87
113482368,12.12,-11.57,13.10
113486224,12.16,-12.00,13.26
113490072,12.28,-12.12,13.14
113493944,12.28,-11.92,13.89
113497804,12.16,-11.85,13.96
113501660,12.40,-11.61,13.85
113505508,12.43,-11.45,13.96
113509368,12.32,-11.30,14.16
113513240,12.51,-10.90,14.28
113517088,12.55,-11.26,14.28
113520948,12.63,-10.87,14.32
113524800,12.47,-10.87,14.04
113528648,12.75,-11.18,14.16
113532504,12.59,-11.53,13.93
113536376,12.67,-11.30,13.89
113540240,12.79,-11.49,14.16
113544092,12.87,-11.89,14.36
113547944,12.75,-11.65,14.40
113551792,12.63,-11.85,14.55
113555648,12.43,-11.45,14.16
113559500,12.59,-12.04,13.89
113563360,12.47,-11.73,13.69
113567228,12.51,-11.81,13.96
113571080,12.08,-11.73,13.18
113574944,12.40,-11.77,13.22
113578796,12.28,-11.65,13.10
113582644,12.28,-11.30,13.34
113586492,12.40,-11.85,12.94
113590348,12.08,-11.61,12.98
113594200,12.04,-11.18,12.91
113598056,12.12,-11.41,13.06
113601912,12.40,-11.53,13.02
113605764,12.08,-11.26,13.45
113609616,12.04,-11.14,13.30
113613464,11.92,-11.38,13.57
113617316,12.04,-11.45,13.10
113621168,11.89,-11.06,12.94
113625024,11.96,-11.02,12.55
113628876,12.00,-11.02,12.40
113632708,12.04,-11.45,13.10
113636560,12.24,-11.26,12.32
113640424,12.20,-11.41,12.36
113644276,12.24,-11.77,12.71
113648140,12.24,-11.57,13.34
113651996,12.32,-11.89,13.65
113655852,12.51,-11.73,13.93
113659708,12.63,-11.61,14.71
113663576,12.63,-12.00,14.91
113667440,12.91,-11.41,15.02
113671292,12.87,-11.61,14.95
113675152,12.83,-11.61,15.46
113679016,12.94,-11.89,15.61
113682864,13.14,-12.16,14.95
113686724,13.02,-12.43,14.79
113690572,12.91,-12.08,14.79
113694436,12.83,-11.89,14.79
113698296,12.59,-11.73,14.36
113702160,12.67,-11.85,14.12
113706020,12.67,-11.53,14.24
113709872,12.55,-11.81,14.24
113713728,12.40,-11.61,13.81
113717592,12.28,-11.65,13.81
113721452,12.28,-11.26,13.42
113725304,12.28,-11.57,13.45
113729160,12.24,-11.41,12.98
113733020,12.24,-11.73,12.87
113736876,12.08,-11.53,12.75
113740732,12.12,-11.30,12.71
113744592,12.16,-11.34,12.51
113748460,12.20,-11.14,12.91
113752312,12.24,-11.18,12.94
113756180,12.32,-11.26,13.06
113760040,12.32,-11.18,13.34
113763896,12.40,-11.34,13.42
113767756,12.32,-11.73,13.61
113771620,12.43,-11.89,13.61
113775468,12.47,-11.89,13.85
113779332,12.51,-11.65,13.69
113783188,12.36,-11.81,13.85
113787044,12.43,-12.32,14.04
113790904,12.32,-12.04,14.44
113794764,12.51,-11.77,13.81
113798616,12.36,-11.65,13.93
113802468,12.47,-12.04,14.00
113806304,12.40,-11.41,14.04
113810164,12.36,-11.57,13.93
113814020,12.40,-11.77,14.04
113817868,12.32,-11.45,13.77
113821728,12.32,-11.69,14.51
113825588,12.71,-11.69,13.77
113829456,12.20,-11.45,13.53
113833304,12.32,-11.65,13.53
113837164,12.40,-11.45,13.65
113841016,12.20,-11.45,13.45
113844868,12.43,-11.53,13.49
113848720,12.36,-11.30,13.38
113852580,12.32,-11.38,13.81
113856452,12.47,-11.53,13.34
113860312,12.32,-11.61,13.53
113864180,12.55,-11.73,13.77
113868032,12.67,-11.65,14.04
113871888,12.87,-11.22,14.08
113875740,12.51,-11.89,14.40
113879592,12.51,-11.69,14.59
113883452,12.67,-11.85,14.36
113887304,12.55,-11.77,14.44
113891164,12.71,-12.12,13.96
113895032,12.71,-12.08,14.00
113898872,12.59,-12.04,13.61
113902716,12.36,-11.81,13.38
113906580,12.32,-11.73,13.10
113910440,12.36,-11.69,13.14
113914292,12.28,-11.38,12.83
113918156,12.28,-11.06,13.38
113922008,12.28,-11.02,12.87
113925864,12.08,-11.26,12.59
113929716,12.20,-11.65,12.75
113933568,12.24,-11.77,12.51
113937432,12.16,-11.61,12.94
113941284,12.36,-11.96,13.14
113945144,12.32,-11.30,13.73
113949000,12.43,-11.45,13.38
113952852,12.55,-11.06,13.61
113956696,12.32,-10.59,13.77
113960560,12.36,-11.14,13.53
113964420,12.55,-11.22,13.89
113968280,12.24,-11.06,13.61
113972148,12.28,-11.22,13.45
113976004,12.36,-12.00,13.85
113979848,12.40,-11.81,13.61
113983704,12.59,-12.00,13.69
113987548,12.16,-12.20,13.65
113991408,12.32,-12.47,13.96
113995264,12.28,-12.20,13.69
113999124,12.16,-12.32,14.20
114002988,12.40,-12.00,14.20
114006816,12.36,-12.20,14.12
114010668,12.36,-12.12,14.08
114014516,12.36,-12.04,13.77
114018364,12.32,-12.08,13.53
114022220,12.32,-11.77,13.53
114026084,12.40,-11.41,13.26
114029944,12.40,-11.53,13.30
114033796,12.47,-11.18,13.22
114037648,12.36,-11.18,13.30
114041492,12.40,-10.98,13.22
114045344,12.59,-11.02,13.30
114049196,12.51,-11.26,13.42
114053052,12.55,-11.18,13.69
114056916,12.59,-11.18,13.81
114060780,12.63,-11.49,14.51
114064640,12.51,-11.53,14.00
114068488,12.98,-11.96,14.08
114072336,12.59,-11.61,13.85
114076196,12.63,-11.18,14.36
114080048,12.59,-11.14,14.44
114083908,12.47,-11.38,14.32
114087760,12.55,-11.45,14.12
114091620,12.36,-11.02,14.24
114095476,12.36,-11.38,13.89
114099340,12.40,-11.38,13.53
114103216,12.28,-11.06,13.53
114107060,12.28,-11.18,13.26
114110924,12.32,-11.77,13.26
114114780,12.28,-11.65,13.34
114118632,12.16,-11.81,13.38
114122496,12.16,-12.00,13.61
114126340,12.24,-12.20,13.57
114130196,12.20,-12.32,13.42
114134056,12.28,-12.55,13.34
114137920,12.32,-12.67,13.73
114141776,12.32,-12.71,13.45
114145644,12.55,-12.20,13.38
114149492,12.43,-11.96,13.53
114153344,12.59,-11.92,13.42
114157204,12.47,-11.49,13.53
114161056,12.40,-11.22,13.69
114164916,12.43,-11.10,13.65
114168764,12.55,-10.94,13.85
114172620,12.55,-11.10,14.87
114176472,12.71,-10.87,13.93
114180332,12.51,-11.02,14.00
114184180,12.63,-11.18,13.57
114188036,12.51,-11.26,14.08
114191888,12.63,-11.14,13.93
114195756,12.55,-11.10,13.81
114199608,12.36,-10.98,13.73
114203460,12.43,-10.83,13.73
114207328,11.92,-10.98,13.57
114211192,12.36,-11.38,13.30
114215048,12.32,-11.65,13.34
114218920,12.32,-11.53,13.65
114222772,12.36,-11.81,13.18
114226628,12.32,-12.24,13.38
114230484,12.32,-12.04,13.49
114234336,12.36,-12.51,13.77
114238208,12.47,-12.24,13.45
114242060,12.43,-11.96,13.77
114245916,12.40,-11.92,13.73
114249768,12.40,-11.85,13.73
114253616,12.40,-11.65,13.57
114257472,12.28,-11.34,13.45
114261336,12.32,-11.14,13.53
114265200,12.36,-11.18,13.45
114269048,12.24,-11.14,13.38
114272912,12.36,-10.90,13.34
114276756,12.40,-10.79,13.30
114280608,12.32,-10.55,13.45
114284472,12.43,-10.59,13.06
114288328,12.20,-10.79,13.02
114292184,12.32,-11.14,13.02
114296032,12.32,-11.49,13.14
114299896,12.40,-11.81,12.79
114303752,12.51,-11.85,13.45
114307604,12.63,-11.89,13.49
114311452,12.79,-12.16,13.93
114315320,12.75,-12.04,14.20
114319172,12.47,-11.73,14.47
114323028,12.59,-11.77,14.32
114326892,12.67,-11.57,14.32
114330748,12.63,-11.57,14.32
114334600,12.43,-11.65,14.28
114338452,12.55,-11.45,14.20
114342312,12.51,-11.89,14.00
114346168,12.40,-11.77,14.00
114350012,12.83,-11.89,13.73
114353880,12.63,-11.92,13.81
114357748,12.32,-11.49,13.93
114361604,12.32,-11.73,13.45
114365464,12.16,-10.90,13.42
114369324,12.08,-11.18,13.42
114373184,12.24,-11.77,13.34
114377036,12.12,-11.26,12.94
114380900,11.92,-11.30,12.67
114384748,12.24,-11.49,12.83
114388604,12.20,-11.92,12.87
114392452,12.24,-11.73,12.94
114396316,12.55,-11.61,13.18
114400188,12.47,-11.85,13.30
114404040,12.51,-12.08,13.65
114407900,12.51,-11.96,14.16
114411748,12.79,-11.89,14.47
114415600,12.71,-11.69,14.24
114419456,12.79,-11.61,14.67
114423320,12.51,-11.49,14.47
114427176,12.59,-11.61,14.67
114431032,12.75,-12.08,15.38
114434892,12.51,-11.65,15.18
114438748,12.55,-12.08,15.30
114442600,12.87,-12.12,14.79
114446452,12.63,-12.24,15.69
114450312,12.51,-12.79,16.44
114454172,12.55,-12.75,16.59
114458024,12.75,-12.47,16.83
114461892,12.87,-11.85,16.71
114465744,12.51,-11.22,16.44
114469604,12.24,-10.87,15.81
114473468,12.08,-11.65,15.49
114477320,12.00,-12.43,14.40
114481172,11.92,-12.94,13.81
114485024,11.57,-13.34,13.22
114488884,11.34,-13.26,12.43
114492740,10.87,-12.87,11.41
114496592,11.41,-13.45,10.87
114500444,11.57,-13.42,10.79
114504312,11.53,-13.10,10.67
114508164,11.02,-12.12,9.89
114511960,11.26,-11.06,9.30
114515744,11.06,-10.47,9.22
114519540,11.02,-9.69,9.96
114523268,11.18,-7.61,9.69
114527000,11.65,-8.24,9.89
114530740,11.61,-8.36,10.16
114534552,11.73,-8.43,10.08
114538332,12.28,-9.10,9.96
114542064,11.96,-9.69,9.92
114545804,11.81,-10.20,10.36
114549660,12.00,-10.47,11.38
114553504,12.00,-10.67,11.81
114557348,12.28,-11.41,13.14
114561216,12.59,-12.43,14.36
114565068,13.06,-12.79,15.26
114568920,13.22,-13.26,16.79
114572780,13.65,-12.98,17.38
114576632,13.85,-13.18,18.48
114580488,14.00,-12.63,19.18
114584332,14.40,-12.79,19.85
114588180,14.32,-13.10,19.93
114592032,14.55,-13.34,20.16
114595896,14.51,-13.02,20.95
114599744,14.08,-13.26,19.77
114603596,14.20,-13.57,19.26
114607448,14.20,-13.22,18.99
114611304,14.08,-12.47,17.85
114615156,14.47,-12.63,19.85
114619008,13.45,-13.85,16.59
114622856,11.69,-12.91,14.59
114626720,12.32,-10.83,12.67
114630592,11.92,-10.28,10.04
114634436,11.77,-9.53,9.45
114638176,11.14,-9.57,8.94
114641904,10.79,-9.61,9.18
114645636,10.59,-9.26,9.06
114649368,10.94,-8.87,9.57
114653108,10.83,-9.53,9.96
114656848,11.10,-10.08,10.00
114660680,11.30,-10.75,10.40
114664532,10.90,-11.61,10.71
114668392,11.30,-11.85,10.83
114672244,11.45,-12.55,11.06
114676096,11.89,-13.10,11.30
114679956,12.36,-13.49,12.00
114683796,12.32,-13.81,12.32
114687652,12.28,-13.77,12.98
114691512,12.67,-13.96,13.61
114695372,12.83,-13.73,14.28
114699220,12.94,-12.75,14.79
114703072,13.18,-12.51,14.83
114706936,12.87,-12.20,15.22
114710784,12.75,-12.08,15.22
114714636,12.91,-11.61,15.02
114718488,13.02,-11.18,14.79
114722336,12.63,-10.98,14.51
114726192,12.79,-10.63,14.08
114730040,12.71,-10.47,14.04
114733892,12.59,-10.24,13.49
114737740,12.36,-9.69,12.43
114741540,11.73,-9.41,12.00
114745320,11.69,-9.49,11.49
114749120,11.65,-10.08,11.53
114752968,11.81,-10.20,11.81
114756812,11.57,-10.24,12.04
114760660,11.77,-10.71,12.36
114764524,11.65,-10.67,12.63
114768392,11.61,-11.26,12.91
114772244,11.77,-11.61,13.45
114776108,11.92,-12.32,14.00
114779956,11.96,-12.43,14.44
114783812,12.00,-13.02,14.00
114787636,12.00,-13.26,14.16
114791480,12.28,-13.42,14.16
114795332,12.32,-13.06,14.47
114799196,12.32,-13.02,14.83
114803056,12.24,-13.14,14.28
114806908,12.32,-12.91,14.20
114810764,12.47,-12.83,14.20
114814612,12.59,-12.87,14.55
114818460,12.87,-12.71,14.24
114822320,12.75,-12.75,14.67
114826184,12.75,-12.59,14.83
114830040,12.87,-12.00,14.95
114833888,12.94,-11.38,14.63
114837740,12.98,-10.90,14.79
114841584,12.87,-10.55,14.51
114845440,12.79,-10.04,14.47
114849284,12.55,-9.85,13.69
114853080,12.47,-9.77,13.42
114856892,12.40,-10.24,13.06
114860736,12.28,-10.24,12.55
114864588,12.00,-10.24,12.32
114868428,11.92,-10.71,12.51
114872292,11.85,-11.26,12.59
114876156,12.00,-11.69,12.79
114880000,12.12,-12.20,12.98
114883848,11.92,-12.40,13.38
114887708,11.85,-12.55,13.65
114891564,11.96,-12.83,14.12
114895420,11.96,-12.47,14.47
114899276,12.28,-12.55,14.32
114903132,12.16,-12.71,14.44
114906988,12.28,-12.63,14.55
114910844,12.32,-12.43,14.36
114914712,12.32,-12.47,14.20
114918572,12.63,-12.63,14.04
114922428,12.47,-12.51,13.96
114926304,12.55,-12.36,14.08
114930168,12.43,-12.43,14.16
114934020,12.51,-12.79,14.12
114937888,12.79,-12.91,14.36
114941744,12.91,-13.18,14.71
114945608,12.94,-12.83,14.44
114949464,13.22,-12.04,14.67
114953312,13.06,-11.30,14.91
114957160,12.98,-11.02,15.02
114961004,12.87,-11.22,14.67
114964864,13.22,-10.20,14.51
114968720,12.79,-10.04,14.16
114972568,12.67,-9.96,13.81
114976368,12.51,-10.00,13.85
114980212,12.32,-9.73,13.30
114984004,12.63,-10.28,13.22
114987864,12.47,-10.16,13.02
114991720,12.32,-10.55,13.14
114995576,12.40,-10.79,13.02
114999420,12.40,-11.14,13.06
115003260,12.28,-11.57,13.06
115007112,12.28,-11.89,12.94
115010968,12.24,-11.85,12.87
115014824,12.12,-11.61,12.91
115018688,12.20,-11.92,13.02
115022540,12.28,-12.16,12.94
115026400,12.16,-12.47,13.14
115030252,12.00,-12.40,12.63
115034100,11.89,-12.40,12.63
115037964,11.96,-12.67,12.47
115041816,12.04,-12.75,12.43
115045668,12.36,-13.22,12.71
115049528,11.96,-13.06,12.98
115053380,12.20,-12.75,13.22
115057236,12.24,-12.04,13.30
115061096,12.55,-12.36,13.38
115064952,12.24,-12.59,13.73
115068804,12.36,-12.36,14.08
115072656,12.40,-11.22,14.24
115076508,12.20,-10.87,13.93
115080372,12.47,-10.36,14.12
115084228,12.51,-10.51,13.96
115088096,12.55,-10.32,14.00
115091940,12.71,-10.47,13.61
115095800,12.59,-10.87,13.49
115099660,12.71,-11.18,13.49
115103516,12.79,-11.49,13.65
115107376,12.79,-11.57,13.65
115111228,12.79,-11.53,13.57
115115084,12.83,-11.34,13.77
115118940,12.67,-11.22,13.77
115122796,12.71,-11.14,13.85
115126656,12.75,-11.10,13.93
115130520,12.40,-11.14,13.85
115134392,12.55,-12.08,13.93
115138240,12.16,-12.12,13.65
115142104,12.08,-12.55,13.65
115145956,12.04,-12.75,13.65
115149800,12.00,-12.79,13.14
115153652,12.04,-12.67,13.14
115157508,12.00,-12.24,13.26
115161364,11.89,-12.12,13.30
115165220,11.92,-12.12,13.57
115169084,11.89,-11.85,13.10
115172948,11.92,-11.89,12.98
115176808,11.89,-11.92,13.10
115180656,12.12,-11.96,12.94
115184512,12.12,-12.16,13.73
115188376,12.32,-11.89,13.38
115192228,12.40,-12.47,13.61
115196092,12.47,-12.24,13.61
115199948,12.47,-11.73,13.81
115203812,13.18,-11.77,14.12
115207672,12.75,-11.81,14.20
115211524,12.63,-11.49,14.40
115215384,12.71,-11.02,14.79
115219228,12.98,-10.47,14.00
115223068,12.63,-9.96,13.89
115226872,12.63,-10.16,13.93
115230732,12.63,-10.40,14.00
115234568,12.32,-10.67,13.61
115238420,12.36,-10.94,13.81
115242284,12.36,-11.38,13.89
115246148,12.36,-11.77,14.00
115249988,12.32,-12.20,13.89
115253844,12.24,-12.32,14.00
115257700,12.32,-12.59,14.04
115261552,12.28,-12.63,14.12
115265404,12.28,-12.87,13.81
115269268,12.16,-13.06,14.12
115273124,12.20,-13.10,13.93
115276972,12.16,-12.94,13.53
115280828,12.12,-12.91,13.81
115284700,11.89,-12.75,13.77
115288560,12.24,-12.67,13.73
115292412,12.28,-11.92,13.93
115296280,12.40,-11.96,13.77
115300136,12.32,-11.69,13.81
115303988,12.75,-10.94,13.85
115307848,12.51,-11.18,13.81
115311708,12.59,-11.18,13.93
115315560,12.91,-10.90,13.77
115319412,12.47,-10.83,13.57
115323276,12.55,-10.94,13.38
115327136,12.51,-10.75,13.22
115331004,12.40,-11.22,13.49
115334868,12.36,-11.41,13.45
115338720,12.43,-11.30,13.45
115342568,12.43,-11.34,13.53
115346420,12.67,-11.92,13.26
115350284,12.55,-11.89,13.34
115354144,12.51,-12.08,13.73
115357988,12.59,-11.92,13.73
115361852,12.51,-11.73,13.96
115365704,12.63,-11.57,14.04
115369552,12.47,-11.49,14.24
115373412,12.71,-11.57,14.20
115377268,12.63,-11.73,14.00
115381112,12.55,-12.00,13.93
115384968,12.32,-12.20,13.49
115388812,12.40,-12.32,13.89
115392672,12.28,-12.16,13.22
115396540,12.20,-12.20,13.38
115400384,12.12,-12.08,13.42
115404232,12.16,-11.96,13.61
115408088,12.12,-12.32,14.28
115411944,12.40,-12.40,13.14
115415800,12.08,-12.16,12.63
115419648,11.96,-11.81,12.43
115423504,11.85,-11.53,12.32
115427372,11.89,-10.98,12.04
115431212,12.04,-11.26,12.12
115435076,11.85,-10.98,12.36
115438936,12.16,-10.63,12.40
115442784,12.16,-10.87,12.67
115446640,12.32,-11.30,12.94
115450492,12.28,-11.30,12.94
115454348,12.43,-11.38,13.73
115458208,12.83,-11.85,13.89
115462076,12.71,-12.12,14.32
115465940,12.91,-11.96,14.79
115469804,12.87,-11.92,14.95
115473656,12.91,-12.20,15.26
115477520,12.91,-11.61,15.46
115481380,12.87,-11.61,15.38
115485240,13.53,-11.96,15.46
115489100,12.98,-11.96,15.49
115492952,12.63,-11.85,15.38
115496800,12.98,-17.89,2.47
115500576,8.00,-5.10,2.28
115504248,63.55,-63.39,-144.31
115508184,-50.88,62.68,114.38
115512100,-110.23,24.09,-48.44
115516028,-100.54,-18.24,-81.47
115519956,-146.71,-132.70,155.85
115524000,-31.19,80.73,151.02
115527908,61.86,-73.94,141.65
115531820,73.35,-48.84,30.83
115535680,-61.31,-33.62,81.16
115539556,-77.28,35.42,32.44
115543412,-64.61,-114.62,46.44
115547348,61.08,41.50,-33.73
115551184,-53.78,-7.69,-77.12
115555016,-12.87,-26.99,43.07
115558872,35.89,-92.03,113.80
115562768,15.69,19.18,19.81
115566604,22.20,16.87,2.00
115570360,7.45,48.37,12.63
115574132,9.81,44.80,14.79
115577912,22.83,37.50,16.24
115581744,17.02,26.44,22.71
115585576,11.96,13.57,12.16
115589400,11.92,5.92,9.73
115593128,11.89,19.81,103.83
115597016,8.43,-3.41,25.22
115600756,-7.41,-11.77,9.34
115604520,2.04,-21.26,-2.94
115608260,-0.27,-16.95,3.18
115612008,8.75,-32.83,-0.39
115615752,-2.31,-24.63,-15.77
115619576,-0.75,-26.09,-21.69
115623396,2.67,-20.36,-5.49
115627144,2.94,-20.91,-4.51
115630892,2.82,-21.06,-2.20
115634624,2.71,-23.50,35.34
115638424,-9.26,-25.61,-2.24
115642184,5.41,-25.14,5.45
115645920,7.30,-23.81,7.57
115649644,8.16,-21.10,11.41
115653428,9.89,-18.63,12.67
115657224,10.98,-18.51,14.83
115661080,12.20,-17.61,16.95
115664940,13.49,-17.50,19.73
115668788,15.18,-17.34,21.73
115672644,15.61,-16.24,26.36
115676504,18.20,-11.49,27.34
115680352,18.79,-10.75,29.50
115684192,17.65,-9.06,28.28
115687972,20.40,-8.24,29.66
115691768,19.22,-0.86,25.81
115695548,21.85,-3.57,23.97
115699340,9.34,-6.55,27.22
115703072,21.97,-5.30,30.20
115706856,23.07,-5.33,28.60
115710636,21.77,-7.45,28.99
115714428,21.77,-9.26,27.22
115718216,21.42,-9.96,26.24
115722008,20.04,-11.34,25.50
115725848,19.61,-12.24,24.36
115729700,18.40,-13.38,23.30
115733548,17.38,-12.12,20.59
115737404,16.63,-10.47,45.42
115741268,-9.38,-4.75,21.81
115745020,13.81,-5.37,12.00
115748800,13.30,-11.06,11.26
115752640,13.06,-8.59,10.24
115756424,12.51,-11.18,9.81
115760220,11.77,-11.41,10.28
115764084,11.57,-10.32,14.91
115767936,7.22,-8.94,4.82
115771604,8.87,-16.75,-0.94
115775352,6.12,-18.87,7.69
115779080,13.96,-7.85,8.43
115782828,11.30,-14.71,9.26
115786624,11.18,-13.61,9.18
115790420,11.30,-14.44,8.94
115794208,12.32,-13.02,9.38
115797996,11.89,-12.00,9.22
115801776,10.04,-11.85,9.65
115805560,12.40,-11.65,9.65
115809352,12.87,-10.98,9.41
115813144,13.14,-11.26,9.85
115816952,13.69,-10.98,10.40
115820800,14.00,-11.34,11.30
115824636,14.36,-10.75,11.96
115828496,14.71,-10.20,13.61
115832348,14.98,-9.92,13.96
115836132,15.14,-9.92,14.79
115839936,15.10,-9.77,15.34
115843724,15.30,-9.49,16.16
115847512,15.42,-9.53,16.51
115851316,15.49,-9.77,16.28
115855104,14.95,-9.96,16.44
115858904,14.95,-9.73,16.55
115862692,15.10,-9.30,16.16
115866480,15.18,-9.22,16.51
115870280,15.06,-9.57,15.61
115874076,15.30,-10.59,14.87
115877932,13.69,-9.89,14.40
115881724,13.26,-18.16,16.51
115885568,12.04,-9.92,12.79
115889364,13.34,-12.00,13.73
115893208,13.26,-11.02,12.47
115897068,11.96,-13.02,12.24
115900928,12.36,-12.67,12.04
115904776,12.16,-12.24,10.98
115908636,12.08,-12.08,10.79
115912480,11.53,-13.22,10.16
115916348,11.73,-12.20,9.77
115920140,11.81,-12.24,10.04
115923988,11.92,-11.81,9.92
115927780,12.12,-11.85,9.81
115931572,12.04,-11.26,10.00
115935412,11.96,-11.18,10.51
115939264,12.08,-11.14,10.71
115943136,11.57,-11.77,11.57
115946992,12.43,-9.65,11.89
115950788,12.75,-11.14,12.20
115954632,12.55,-11.22,12.47
115958496,12.79,-11.57,12.71
115962360,12.98,-11.85,13.06
115966204,12.83,-11.69,13.22
115970072,12.87,-12.00,13.34
115973916,12.98,-11.57,13.45
115977764,12.94,-11.65,13.14
115981616,13.34,-12.28,13.14
115985476,13.53,-12.71,13.30
115989332,13.38,-12.71,13.61
115993192,13.34,-12.32,14.16
115997060,13.93,-12.08,14.55
116000920,13.61,-11.30,14.91
116004780,13.49,-11.22,15.38
116008628,13.53,-10.94,16.20
116012476,13.42,-10.36,15.38
116016340,13.22,-10.51,15.18
116020196,13.06,-10.24,14.79
116024052,12.98,-10.16,14.55
116027908,12.75,-9.81,13.93
116031704,12.63,-9.73,13.42
116035516,12.47,-10.24,13.02
116039368,12.32,-10.79,12.79
116043224,12.47,-10.94,12.63
116047080,12.28,-11.89,12.63
116050936,12.04,-11.61,12.75
116054788,11.89,-11.85,12.79
116058652,12.16,-12.32,12.55
116062508,11.92,-12.36,12.67
116066364,11.92,-12.63,12.63
116070216,11.92,-13.18,12.75
116074084,12.16,-13.42,12.63
116077944,12.20,-13.53,12.83
116081788,12.24,-13.26,12.79
116085652,12.12,-12.94,12.87
116089508,12.12,-12.40,13.34
116093360,12.43,-12.28,12.98
116097212,12.16,-11.85,13.02
116101068,12.24,-11.57,13.42
116104936,12.36,-11.61,13.14
116108804,12.32,-11.61,13.81
116112664,12.20,-10.94,13.61
116116520,12.51,-10.47,13.73
116120372,12.55,-10.67,14.16
116124240,12.36,-10.55,13.77
116128104,12.63,-10.71,14.00
116131948,12.67,-10.36,13.89
116135808,12.91,-10.79,13.65
116139672,12.63,-11.30,13.65
116143516,12.87,-11.77,13.93
116147376,12.67,-11.69,13.89
116151236,12.63,-11.69,14.24
116155104,12.94,-11.69,13.38
116158964,12.59,-12.00,13.57
116162816,12.83,-12.12,13.65
116166676,12.71,-12.08,13.85
116170520,12.67,-11.96,13.77
116174368,12.67,-12.04,13.73
116178220,12.67,-12.08,13.65
116182072,12.83,-11.73,13.61
116185932,12.79,-11.85,13.53
116189788,12.79,-12.00,13.53
116193644,12.71,-11.96,14.00
116197492,13.02,-12.00,14.16
116201336,12.87,-12.04,14.28
116205184,12.75,-12.04,14.36
116209040,12.75,-11.49,14.12
116212900,12.67,-11.14,14.00
116216752,12.59,-11.06,13.77
116220600,12.55,-10.67,14.00
116224444,12.63,-10.75,13.81
116228304,12.63,-10.71,13.96
116232156,12.55,-10.36,13.45
116236012,12.36,-10.87,13.30
116239872,12.47,-10.90,13.14
116243720,12.36,-11.14,13.26
116247584,12.28,-11.26,13.14
116251444,12.20,-11.14,12.67
116255304,12.32,-11.14,12.87
116259160,12.24,-11.30,12.87
116263008,12.20,-11.73,13.22
116266856,12.16,-11.53,12.83
116270712,11.96,-11.34,12.71
116274564,12.08,-11.49,12.79
116278412,12.12,-11.65,12.63
116282268,12.04,-11.81,12.59
116286120,12.20,-12.00,12.55
116289956,12.12,-12.32,12.51
116293828,12.16,-12.40,12.43
116297680,12.16,-12.63,12.20
116301536,12.47,-12.71,12.36
116305404,12.08,-11.77,12.08
116309244,12.12,-12.00,12.24
116313104,12.04,-11.85,12.63
116316948,12.16,-11.30,12.71
116320812,12.24,-11.02,12.91
116324664,12.28,-10.43,12.71
116328516,12.24,-10.08,13.10
116332352,12.67,-9.61,13.22
116336144,12.40,-9.26,13.77
116339928,12.28,-9.45,13.38
116343728,12.43,-9.61,14.32
116347524,12.40,-10.51,14.16
116351368,12.28,-10.59,14.28
116355236,12.43,-11.10,13.81
116359100,12.36,-11.92,14.63
116362956,12.63,-11.96,13.85
116366816,12.47,-12.20,13.96
116370664,12.59,-12.63,14.04
116374504,12.51,-13.02,14.44
116378364,12.55,-13.10,14.47
116382220,12.59,-13.06,14.40
116386068,12.83,-13.02,14.44
116389928,12.55,-12.08,14.44
116393776,12.51,-11.96,14.44
116397640,12.51,-14.28,16.59
116401508,14.98,-12.28,17.93
116405356,14.51,-12.28,18.12
116409216,11.53,-12.28,14.95
116413080,13.93,-12.75,15.34
116416932,12.94,-12.40,13.18
116420780,13.10,-10.90,12.79
116424644,12.55,-10.36,12.79
116428500,12.24,-11.81,14.47
116432364,11.92,-10.83,13.57
116436224,12.43,-10.43,12.91
116440096,12.43,-10.43,13.02
116443944,12.20,-10.12,12.91
116447804,12.24,-9.77,12.87
116451600,12.28,-10.04,12.71
116455460,12.32,-10.71,13.06
116459316,12.32,-10.98,12.67
116463172,12.40,-11.26,12.63
116467032,12.28,-11.34,12.94
116470888,12.47,-11.45,12.91
116474740,12.43,-11.81,13.53
116478596,12.83,-11.61,13.14
116482456,12.63,-11.65,13.22
116486320,12.59,-11.69,13.49
116490172,12.51,-11.61,14.28
116494036,12.36,-11.57,14.16
116497904,12.51,-11.92,14.32
116501756,12.75,-11.69,14.59
116505608,12.75,-11.38,14.59
116509464,13.02,-11.45,14.83
116513320,12.83,-11.34,14.91
116517172,12.79,-11.18,14.91
116521036,12.71,-10.90,14.98
116524888,12.67,-10.98,14.71
116528748,12.67,-11.10,14.51
116532600,12.55,-11.65,14.20
116536456,12.51,-11.45,14.12
116540312,12.51,-11.69,13.61
116544168,12.40,-11.85,13.42
116548024,12.24,-11.81,13.14
116551880,12.04,-12.87,13.30
116555724,11.85,-11.41,12.55
116559584,12.20,-11.10,12.24
116563432,12.24,-10.87,12.16
116567288,12.08,-10.67,12.20
116571128,12.36,-10.63,12.32
116574992,12.20,-10.43,12.47
116578844,12.32,-10.51,12.83
116582700,12.32,-11.02,13.06
116586548,12.36,-11.14,13.61
116590400,12.40,-11.30,13.73
116594256,12.36,-11.45,14.08
116598116,12.55,-11.45,14.40
116601964,12.75,-11.89,13.93
116605816,12.71,-12.04,14.55
116609660,12.94,-11.96,14.47
116613508,12.75,-12.28,14.63
116617368,12.91,-12.12,14.95
116621240,12.94,-11.96,14.47
116625104,12.51,-11.89,14.32
116628960,12.67,-11.89,14.20
116632812,12.71,-11.81,14.08
116636656,12.67,-11.30,13.89
116640508,12.67,-10.94,13.73
116644360,12.59,-11.02,13.85
116648212,12.59,-10.55,13.49
116652076,12.55,-10.63,14.00
116655916,12.43,-10.59,13.61
116659768,12.79,-10.43,13.69
116663616,12.87,-10.63,13.61
116667472,12.71,-10.87,13.53
116671328,12.40,-11.02,13.53
116675176,12.51,-11.61,13.53
116679040,12.43,-11.57,13.53
116682904,12.55,-11.41,14.04
116686764,12.47,-11.77,13.61
116690624,12.55,-11.77,13.77
116694488,12.36,-11.89,14.00
116698328,12.47,-11.49,13.93
116702180,12.91,-11.85,13.69
116706048,12.47,-11.69,13.57
116709908,12.36,-11.81,13.65
116713764,12.32,-11.77,13.26
116717632,12.55,-11.92,13.42
116721488,12.32,-11.38,13.45
116725352,12.51,-11.53,13.73
116729216,12.63,-11.49,13.81
116733084,12.40,-11.45,13.89
116736940,12.63,-11.22,14.16
116740800,12.63,-11.38,14.16
116744652,12.67,-11.18,14.20
116748500,12.98,-11.02,13.85
116752340,12.87,-11.18,13.69
116756208,12.75,-11.10,13.69
116760064,12.75,-11.26,13.57
116763916,12.63,-11.49,13.53
116767780,12.51,-11.53,13.57
116771640,12.63,-11.22,13.81
116775496,12.51,-10.98,13.89
116779352,12.36,-11.02,13.69
116783208,12.40,-11.06,13.53
116787060,12.32,-10.79,13.65
116790912,12.32,-11.30,13.65
116794772,12.36,-11.30,13.42
116798640,12.36,-11.41,13.49
116802492,12.20,-11.53,13.61
116806344,12.43,-11.65,13.85
116810204,12.71,-11.89,13.77
116814068,12.47,-11.69,13.77
116817916,12.36,-11.61,13.96
116821784,12.43,-11.57,13.85
116825640,12.47,-12.00,14.08
116829480,12.28,-11.69,13.53
116833336,12.36,-11.81,13.42
116837204,12.36,-12.28,13.77
116841072,12.28,-11.77,13.57
116844924,12.28,-12.16,13.53
116848792,12.40,-12.00,13.73
116852640,12.32,-11.49,14.00
116856484,12.36,-11.22,14.87
116860332,12.51,-10.75,14.04
116864188,12.28,-10.83,14.08
116868040,12.32,-10.75,14.32
116871904,12.28,-10.87,13.65
116875768,12.20,-11.18,13.77
116879624,12.32,-11.34,13.65
116883488,12.24,-11.53,13.89
116887340,12.28,-11.02,13.53
116891200,12.36,-11.41,13.26
116895064,12.47,-11.38,13.22
116898916,12.28,-11.49,12.98
116902768,12.47,-11.73,12.94
116906628,12.55,-11.92,12.94
116910480,12.71,-11.77,12.94
116914336,12.55,-11.81,13.14
116918204,12.63,-11.61,13.45
116922072,12.71,-11.65,13.73
116925932,12.63,-11.77,13.81
116929796,12.67,-11.53,14.08
116933648,12.83,-11.89,14.04
116937492,12.98,-11.53,14.12
116941344,12.75,-11.89,14.08
116945196,12.91,-11.89,14.04
116949056,12.87,-11.96,13.65
116952904,12.91,-11.69,13.57
116956768,13.02,-11.85,12.83
116960632,12.59,-11.89,12.91
116964488,12.63,-11.77,12.75
116968340,12.87,-11.73,12.87
116972200,12.43,-11.85,12.67
116976060,12.40,-11.92,12.79
116979908,12.36,-11.73,13.10
116983764,12.36,-11.53,13.18
116987632,12.28,-10.63,13.45
116991488,12.40,-10.28,13.53
116995332,12.40,-9.69,13.53
116999116,12.43,-9.69,13.93
117002912,12.51,-10.08,13.14
117006764,12.63,-10.24,12.83
117010628,12.47,-11.06,12.28
117014476,12.43,-11.18,12.12
117018336,12.47,-11.10,12.63
117022204,12.16,-11.81,12.94
117026068,12.28,-11.49,13.26
117029924,12.24,-12.28,13.89
117033788,12.63,-12.55,14.08
117037640,12.00,-12.79,14.36
117041484,12.28,-12.94,14.59
117045328,12.32,-12.94,14.67
117049192,12.55,-12.79,15.14
117053052,12.20,-13.81,14.79
117056900,12.59,-13.89,14.44
117060760,12.47,-14.08,14.95
117064628,12.51,-14.16,14.55
117068488,12.28,-14.40,14.95
117072344,12.32,-14.16,14.91
117076208,12.28,-13.77,14.75
117080076,12.24,-13.14,15.57
117083928,12.67,-12.83,14.51
117087788,12.32,-12.71,14.36
117091648,12.28,-12.04,14.44
117095492,12.40,-11.57,15.34
117099340,12.04,-11.22,14.75
117103200,12.12,-10.67,14.47
117107064,12.08,-10.43,14.83
117110908,12.08,-9.81,14.20
117114696,12.32,-10.12,13.93
117118560,12.24,-10.71,13.81
117122424,12.28,-10.90,13.89
117126276,12.36,-10.90,13.81
117130124,11.96,-10.59,14.00
117133960,12.16,-10.51,14.24
117137816,12.08,-10.71,14.12
117141676,12.00,-10.59,13.77
117145528,12.47,-11.06,14.16
117149376,12.20,-10.90,13.93
117153216,12.47,-11.02,13.77
117157068,12.55,-11.49,14.24
117160920,12.47,-11.77,13.38
117164788,12.16,-12.40,13.93
117168640,12.24,-13.06,13.81
117172488,12.04,-13.49,13.73
117176332,12.24,-13.65,13.69
117180196,12.28,-14.16,13.96
117184052,12.12,-13.69,13.85
117187904,12.24,-14.28,13.69
117191768,12.47,-13.65,14.00
117195620,12.98,-12.98,13.22
117199472,12.75,-12.63,13.10
117203320,13.10,-12.51,13.26
117207180,13.06,-12.36,13.42
117211048,13.10,-12.32,12.94
117214896,12.79,-12.16,13.30
117218740,12.83,-12.75,13.14
117222604,12.67,-12.51,13.14
117226460,12.79,-12.87,13.26
117230316,12.43,-12.67,13.18
117234188,12.51,-12.28,13.38
117238052,12.43,-12.12,13.10
117241908,12.55,-12.08,13.49
117245764,12.71,-11.65,13.38
117249620,12.63,-11.18,13.49
117253476,13.02,-11.14,13.69
117257324,12.87,-10.94,13.85
117261180,12.91,-10.75,14.16
117265044,12.91,-11.02,14.24
117268892,12.98,-11.02,15.10
117272736,12.94,-11.14,14.79
117276608,13.02,-11.38,14.71
117280464,12.75,-11.61,14.67
117284320,12.79,-11.85,15.06
117288180,12.87,-12.28,14.44
117292044,12.94,-12.71,14.24
117295896,12.79,-13.45,14.71
117299756,12.75,-13.73,14.47
117303620,12.59,-14.32,14.87
117307472,12.36,-13.93,13.93
117311328,12.43,-14.28,13.53
117315196,12.83,-13.96,13.69
117319052,12.83,-13.65,13.69
117322908,12.94,-13.18,13.53
117326780,13.30,-12.79,13.69
117330628,13.14,-12.08,13.89
117334472,13.06,-11.73,14.12
117338320,13.22,-11.69,13.85
117342180,13.30,-12.04,13.77
117346040,13.42,-11.92,13.77
117349888,13.14,-12.20,14.24
117353736,12.75,-12.32,14.47
117357604,12.94,-12.08,14.75
117361456,12.71,-12.00,14.75
117365300,12.75,-11.85,14.59
117369152,12.51,-12.16,14.51
117373016,12.63,-12.12,14.40
117376880,12.63,-12.43,14.36
117380736,12.63,-12.40,14.71
117384596,12.67,-12.55,14.55
117388464,12.87,-12.36,15.10
117392316,13.06,-12.40,14.98
117396164,13.02,-12.47,14.75
117400024,13.26,-12.83,14.79
117403876,13.61,-12.98,14.67
117407728,13.49,-13.14,14.67
117411596,13.57,-12.83,14.98
117415452,13.53,-12.94,14.40
117419300,13.10,-13.42,14.20
117423152,13.38,-12.28,14.12
117427012,13.57,-13.14,13.85
117430884,13.45,-12.71,13.45
117434744,13.10,-13.61,12.91
117438612,13.10,-13.22,12.55
117442472,12.87,-13.02,12.55
117446320,12.59,-13.22,12.94
117450180,12.59,-13.34,12.63
117454044,12.43,-13.49,12.59
117457892,12.36,-14.47,12.55
117461756,12.47,-13.81,12.91
117465612,12.36,-13.61,12.59
117469464,12.47,-12.75,12.98
117473324,12.47,-12.87,13.22
117477184,12.63,-12.47,13.42
117481052,12.36,-12.67,13.96
117484912,12.51,-10.71,14.24
117488780,12.67,-11.18,14.24
117492636,12.75,-11.06,14.67
117496484,12.51,-10.55,14.47
117500336,12.55,-10.24,14.67
117504192,12.24,-10.47,14.71
117508056,12.32,-10.94,14.75
117511912,12.28,-11.41,14.71
117515776,12.59,-11.92,14.20
117519624,13.42,-12.08,14.20
117523472,13.49,-12.79,13.81
117527320,13.02,-12.59,13.34
117531180,13.22,-11.92,13.49
117535040,13.14,-12.40,13.65
117538892,12.94,-12.51,13.93
117542756,12.94,-12.75,13.93
117546612,12.94,-13.38,13.38
117550464,13.22,-13.57,13.06
117554316,13.30,-13.61,12.87
117558184,13.45,-13.89,12.43
117562048,13.18,-13.65,12.63
117565900,13.06,-14.08,12.98
117569748,12.63,-14.44,12.87
117573608,12.91,-14.47,12.87
117577468,12.94,-13.85,12.55
117581320,12.94,-13.30,12.75
117585180,12.91