96015416,4,500
96019056,0.20,0.00,-10.43
96022708,0.04,0.24,-10.04
96026360,0.20,0.12,-10.55
96030028,0.12,0.31,-10.16
96033708,0.12,0.35,-10.16
96037372,0.16,0.24,-9.77
96040988,0.04,0.27,-10.08
96044644,0.08,0.39,-10.04
96048300,0.08,0.12,-9.81
96051892,0.08,0.24,-9.96
96055484,0.04,0.24,-9.96
96059080,0.04,0.24,-9.77
96062676,0.08,0.20,-9.85
96066268,0.08,0.39,-10.00
96069912,0.12,0.43,-10.40
96073572,0.04,0.27,-9.81
96077184,0.08,0.39,-10.43
96080852,0.04,0.16,-10.12
96084500,0.12,0.16,-9.85
96088116,0.08,0.20,-10.04
96091772,0.08,0.39,-10.28
96095440,0.12,-0.16,-10.04
96099116,0.12,0.24,-10.12
96102784,0.12,0.16,-9.81
96106400,0.08,0.27,-9.96
96109992,0.00,0.08,-9.96
96113584,-0.08,0.08,-10.24
96117252,0.24,0.04,-10.32
96120916,0.04,0.08,-10.36
96124560,0.20,0.08,-10.20
96128196,0.00,0.04,-9.81
96131772,0.00,0.39,-10.43
96135424,0.08,0.20,-10.20
96139064,0.12,0.35,-9.81
96142676,0.20,0.43,-9.77
96146284,0.04,0.24,-9.89
96149888,0.16,0.35,-10.04
96153528,0.00,0.20,-9.61
96157100,0.00,0.55,-10.28
96160756,0.16,0.35,-9.85
96164364,0.12,0.35,-9.85
96167984,0.04,0.24,-10.47
96171636,0.12,0.43,-9.85
96175240,0.00,0.16,-9.69
96178828,0.20,0.27,-10.12
96182476,0.12,0.39,-9.81
96186084,0.08,0.16,-9.65
96189688,-0.12,0.12,-10.43
96193368,0.20,0.16,-10.00
96197024,0.04,0.12,-10.24
96200676,0.08,0.24,-10.00
96204332,0.12,0.24,-9.89
96207944,0.04,0.24,-10.12
96211596,0.08,0.27,-10.12
96215252,0.12,0.16,-9.96
96218872,0.08,0.24,-10.08
96222520,0.12,0.16,-10.36
96226192,0.04,0.24,-10.16
96229864,0.04,0.35,-9.85
96233456,0.20,0.35,-10.08
96237092,0.00,0.39,-9.81
96240688,0.20,0.27,-10.24
96244348,0.12,0.16,-9.96
96247972,0.08,0.43,-10.20
96251624,0.08,0.35,-9.53
96255220,0.08,0.20,-9.65
96258824,0.08,0.59,-10.24
96262472,0.12,0.24,-9.92
96266072,0.04,0.43,-9.96
96269680,0.08,0.20,-9.85
96273268,0.12,0.55,-10.24
96276936,0.12,0.43,-10.20
96280604,0.12,0.24,-10.12
96284268,0.12,0.27,-10.20
96287932,0.08,0.39,-10.00
96291576,0.12,0.43,-10.40
96295240,0.16,0.24,-10.00
96298896,0.04,0.24,-10.28
96302548,0.08,0.31,-10.00
96306212,0.04,0.16,-10.20
96309868,0.08,0.08,-9.57
96313452,0.12,0.47,-10.20
96317104,0.04,0.12,-10.00
96320764,0.12,0.24,-10.20
96324428,0.04,0.20,-10.00
96328056,0.00,0.24,-10.00
96331708,0.12,0.12,-10.04
96335368,0.04,0.20,-10.28
96339020,-0.12,-0.08,-9.61
96342652,0.04,0.24,-10.24
96346316,0.08,0.24,-10.47
96349972,0.08,0.12,-9.92
96353572,0.04,0.20,-10.08
96357216,0.08,0.16,-10.00
96360860,0.00,0.24,-10.36
96364504,0.12,0.20,-10.36
96368176,0.08,0.16,-10.12
96371840,0.08,0.24,-10.00
96375472,0.08,0.20,-10.24
96379124,0.08,0.20,-9.65
96382712,0.12,0.27,-9.81
96386328,0.08,0.08,-9.77
96389924,0.08,0.35,-10.24
96393588,0.12,0.24,-9.89
96397196,0.12,0.24,-10.00
96400848,0.12,0.27,-9.73
96404440,0.12,0.27,-9.96
96408052,0.12,0.20,-9.92
96411664,0.08,0.39,-10.08
96415320,0.12,0.31,-10.40
96418988,0.08,0.27,-10.47
96422648,0.08,0.24,-10.16
96426308,0.08,0.20,-9.92
96429900,0.04,0.35,-9.92
96433492,0.04,0.24,-9.96
96437092,0.08,0.31,-10.20
96440744,0.04,0.00,-10.12
96444392,0.04,0.51,-10.40
96448056,0.04,0.24,-10.24
96451712,0.08,0.24,-9.89
96455308,0.12,0.20,-9.73
96458916,0.08,0.12,-10.16
96462576,0.04,0.08,-9.53
96466172,0.04,-0.12,-9.73
96469788,0.04,0.31,-10.40
96473452,0.04,-0.08,-9.96
96477056,0.12,0.31,-10.28
96480724,0.08,0.08,-9.73
96484332,0.12,0.24,-10.32
96488004,0.16,0.31,-9.89
96491612,0.12,0.20,-9.85
96495220,0.12,0.08,-10.12
96498884,0.12,0.39,-10.08
96502540,0.04,0.16,-10.04
96506188,0.04,0.39,-9.73
96509788,0.04,0.24,-10.08
96513436,0.08,0.31,-9.89
96517048,0.12,0.39,-10.00
96520704,0.04,0.47,-10.36
96524344,0.00,0.24,-9.81
96527920,0.00,0.47,-10.47
96531544,0.00,0.27,-9.81
96535132,0.04,0.27,-10.20
96538784,-0.04,0.08,-9.77
96542380,0.00,0.16,-9.85
96545984,-0.12,0.39,-10.00
96549656,-0.24,0.31,-10.24
96553340,-0.51,0.04,-10.12
96557016,-0.35,0.12,-9.96
96560640,-0.67,0.20,-9.92
96564264,-0.71,0.35,-9.85
96567892,-0.90,0.47,-10.08
96571556,-0.78,0.63,-10.04
96575224,-0.98,0.43,-9.73
96578856,-0.90,0.67,-10.12
96582524,-0.98,0.94,-10.55
96586192,-1.02,0.98,-10.08
96589860,-1.14,1.10,-9.96
96593480,-1.18,1.18,-10.04
96597176,-1.22,1.10,-10.12
96600856,-1.29,1.18,-10.24
96604540,-1.29,1.10,-10.12
96608228,-1.49,0.78,-9.61
96611852,-1.45,0.90,-9.92
96615460,-1.53,1.02,-10.00
96619136,-1.53,0.90,-10.63
96622816,-1.61,0.75,-9.85
96626432,-1.53,1.26,-10.04
96630136,-1.49,0.75,-10.20
96633820,-1.57,0.59,-9.92
96637440,-1.65,0.47,-10.36
96641116,-1.37,0.59,-10.79
96644804,-1.29,0.39,-10.16
96648476,-1.37,0.39,-9.65
96652104,-1.69,0.31,-9.81
96655736,-1.61,-0.24,-9.92
96659392,-1.53,-0.55,-10.51
96663092,-2.00,-0.63,-10.00
96666780,-2.08,-0.43,-10.08
96670464,-2.39,-0.71,-8.98
96674108,-2.20,-0.75,-10.47
96677820,-2.12,-0.35,-10.32
96681500,-2.39,0.00,-10.00
96685164,-2.55,0.35,-10.00
96688828,-2.47,0.59,-10.00
96692484,-2.31,1.18,-10.28
96696172,-2.08,1.49,-10.51
96699852,-1.88,2.28,-10.71
96703544,-1.26,2.47,-10.59
96707228,-0.82,3.30,-10.04
96710900,-0.55,2.86,-10.55
96714580,0.20,3.14,-10.51
96718244,0.90,2.86,-10.36
96721900,1.53,2.71,-10.00
96725560,1.77,2.35,-8.55
96729168,1.96,1.57,-9.96
96732780,2.98,1.84,-10.36
96736440,3.06,1.14,-9.81
96740048,3.02,0.31,-9.61
96743652,2.98,0.12,-9.85
96747264,2.98,-0.94,-10.36
96750964,2.63,-1.80,-10.08
96754636,2.24,-2.24,-9.65
96758260,1.96,-2.67,-9.85
96761892,2.35,-2.94,-10.12
96765568,2.04,-3.45,-9.89
96769196,2.28,-3.57,-9.57
96772828,2.51,-3.41,-9.96
96776444,2.59,-3.33,-9.81
96780068,2.28,-3.26,-10.20
96783752,2.55,-2.90,-10.04
96787424,2.59,-2.63,-10.20
96791112,2.59,-2.31,-9.77
96794752,2.71,-1.92,-9.89
96798380,2.75,-1.33,-10.24
96802072,2.71,-0.98,-10.63
96805752,2.79,-0.39,-9.96
96809380,2.71,-0.04,-10.75
96813064,2.67,0.35,-10.28
96816736,2.39,0.51,-9.61
96820340,2.04,0.98,-9.14
96823940,1.53,1.45,-9.77
96827556,0.86,1.53,-10.00
96831212,0.31,1.29,-10.28
96834880,0.08,1.61,-10.67
96838524,0.00,1.61,-10.08
96842172,0.04,2.00,-10.67
96845832,0.20,1.65,-9.96
96849424,0.24,2.12,-10.32
96853096,0.27,2.20,-10.20
96856744,0.24,1.88,-9.92
96860356,0.12,2.00,-10.12
96864008,0.24,1.41,-9.85
96867612,0.27,0.82,-9.96
96871212,0.35,1.45,-9.69
96874816,0.51,1.33,-9.30
96878420,0.71,1.49,-9.92
96882036,0.55,1.41,-10.12
96885708,0.51,1.37,-10.36
96889384,0.59,1.73,-10.36
96893060,0.51,0.98,-10.28
96896736,0.59,0.90,-10.90
96900392,0.47,0.12,-10.40
96904048,0.67,-0.04,-10.47
96907736,0.35,-0.47,-10.40
96911420,0.75,-0.67,-9.57
96915040,0.59,-0.75,-9.41
96918664,0.47,-0.98,-9.22
96922280,0.59,-1.18,-10.08
96925964,0.55,-1.02,-10.40
96929636,0.59,-1.10,-10.43
96933316,0.59,-0.94,-10.28
96937004,0.55,-0.71,-10.08
96940676,0.63,-0.67,-10.24
96944364,0.71,-0.59,-10.47
96948040,0.67,-0.51,-10.40
96951732,0.67,-0.47,-10.43
96955432,0.78,-0.12,-10.83
96959100,0.86,-0.47,-10.43
96962792,0.94,-0.35,-10.12
96966460,0.98,-0.35,-10.04
96970144,1.22,-0.39,-10.08
96973832,1.45,-0.78,-9.89
96977440,1.53,-0.86,-9.85
96981064,1.65,-0.71,-10.24
96984740,1.65,-0.51,-10.28
96988420,1.69,-0.51,-9.69
96992044,1.33,-0.75,-10.36
96995736,1.57,-0.94,-9.34
96999364,1.02,-0.82,-10.16
97003040,1.14,-0.78,-10.00
97006724,1.14,-0.75,-10.20
97010420,0.90,-0.78,-10.79
97014104,0.75,-0.86,-10.40
97017792,0.63,-0.98,-10.04
97021456,0.35,-0.98,-9.89
97025080,0.39,-1.06,-10.04
97028752,0.16,-0.86,-10.24
97032432,0.04,-0.90,-10.36
97036104,0.47,-0.75,-11.14
97039792,0.27,-0.82,-9.89
97043416,0.12,-0.63,-9.30
97047028,0.08,0.00,-9.34
97050612,0.04,0.08,-10.04
97054252,0.04,0.27,-11.06
97057904,0.12,0.08,-10.90
97061532,0.00,0.71,-10.40
97065172,-0.27,0.75,-9.41
97068800,-0.27,1.18,-9.45
97072412,-0.24,1.45,-9.69
97076036,-0.16,1.49,-10.51
97079728,-0.31,1.77,-10.36
97083420,-0.20,1.65,-9.81
97087036,-0.31,2.00,-9.96
97090648,-0.24,2.39,-10.12
97094332,-0.16,2.28,-10.32
97098016,0.08,2.31,-10.55
97101680,0.04,2.31,-10.71
97105344,0.24,2.24,-10.08
97109000,0.00,1.84,-10.04
97112640,0.20,1.61,-9.45
97116248,-0.04,1.49,-9.85
97119856,0.27,1.26,-9.89
97123468,0.08,0.86,-10.08
97127124,0.12,0.59,-10.04
97130768,0.00,0.35,-9.85
97134360,-0.55,0.08,-9.69
97137976,-0.39,0.16,-10.00
97141644,-0.51,-0.24,-10.43
97145344,-0.59,-0.35,-10.04
97149036,-0.78,-0.39,-10.71
97152736,-1.06,-0.35,-10.04
97156420,-1.14,-0.16,-10.08
97160128,-1.14,-0.47,-9.65
97163772,-1.14,-0.04,-10.20
97167456,-1.02,0.16,-10.16
97171140,-0.86,0.04,-9.69
97174756,-0.82,0.35,-10.32
97178444,-0.71,0.31,-10.36
97182140,-0.39,0.78,-10.63
97185836,-0.43,0.86,-10.71
97189504,-0.27,1.33,-10.67
97193188,-0.35,1.10,-10.20
97196848,0.00,1.33,-10.16
97200500,-0.20,1.33,-9.89
97204140,0.12,1.18,-10.12
97207820,0.12,1.22,-10.28
97211472,0.00,1.10,-10.83
97215096,0.00,1.14,-10.40
97218748,0.04,1.02,-10.24
97222412,0.04,0.78,-10.55
97226072,0.12,0.47,-10.24
97229748,0.04,0.43,-10.24
97233412,-0.04,0.35,-10.08
97237072,-0.04,0.27,-9.18
97240668,0.00,-0.04,-8.67
97244248,0.00,-0.43,-9.53
97247856,0.04,-0.82,-9.61
97251444,0.00,-1.02,-10.47
97255096,0.00,-0.90,-10.47
97258756,-0.12,-0.51,-10.28
97262452,-0.27,-0.24,-10.28
97266164,-0.24,0.08,-10.87
97269836,-0.31,-0.24,-9.69
97273472,-0.16,-0.43,-10.24
97277176,-0.31,-0.20,-10.40
97280872,-0.16,0.04,-10.67
97284532,0.00,0.12,-10.67
97288176,0.04,0.51,-10.83
97291824,0.00,0.27,-9.85
97295412,0.08,0.35,-9.77
97299016,0.08,0.24,-9.65
97302612,0.12,0.39,-9.81
97306216,0.20,0.04,-9.96
97309816,0.08,0.20,-10.00
97313424,0.00,-0.12,-9.92
97317020,0.00,0.27,-10.28
97320668,-0.20,0.04,-9.81
97324288,-0.39,0.35,-10.51
97327972,-0.63,0.35,-10.16
97331660,-0.71,0.35,-10.20
97335348,-0.71,0.08,-9.89
97338972,-0.94,0.08,-9.77
97342584,-0.98,0.08,-9.77
97346192,-0.82,0.04,-9.96
97349812,-1.02,0.27,-9.85
97353416,-0.55,0.67,-10.28
97357092,-0.51,0.55,-10.32
97360784,-0.39,1.18,-10.16
97364468,-0.43,1.02,-10.16
97368144,-0.39,1.10,-10.51
97371824,-0.24,0.98,-10.63
97375504,-0.24,1.02,-10.28
97379184,-0.20,1.02,-10.32
97382860,-0.31,1.10,-10.94
97386548,-0.12,0.94,-10.63
97390220,-0.20,1.33,-10.83
97393888,0.00,0.94,-9.92
97397464,-0.08,1.22,-9.45
97401080,0.20,0.67,-9.02
97404672,0.47,0.27,-9.38
97408288,0.35,0.12,-9.38
97411876,0.27,0.00,-9.92
97415460,0.16,0.08,-10.12
97419132,-0.04,0.39,-10.67
97422796,0.00,0.16,-10.51
97426444,-0.12,-0.31,-9.57
97430084,-0.04,0.12,-10.55
97433760,0.04,-0.35,-9.89
97437376,0.08,-0.27,-9.85
97440988,0.20,-0.55,-9.69
97444604,0.16,-0.16,-9.57
97448236,0.24,0.16,-10.24
97451904,0.16,0.12,-10.20
97455564,0.12,0.16,-10.28
97459224,0.00,0.24,-10.47
97462872,-0.08,0.39,-10.43
97466548,-0.08,0.16,-10.36
97470212,0.00,0.04,-10.28
97473840,0.00,0.35,-10.28
97477480,0.04,0.31,-10.04
97481136,0.12,0.08,-9.69
97484720,0.16,0.00,-10.04
97488380,0.16,0.08,-9.49
97491984,0.16,0.24,-9.85
97495592,0.24,0.04,-10.32
97499240,0.00,0.20,-10.32
97502880,0.04,0.35,-10.00
97506508,0.00,0.43,-10.43
97510140,0.00,0.27,-10.43
97513784,0.00,0.47,-10.24
97517420,0.20,0.47,-9.57
97521024,0.04,0.35,-10.32
97524696,0.20,0.31,-10.36
97528372,0.20,0.39,-10.00
97532028,0.12,0.24,-10.04
97535700,0.08,0.16,-10.12
97539364,0.08,0.24,-9.92
97542968,0.12,0.24,-9.89
97546576,0.04,0.27,-10.32
97550212,0.00,0.20,-9.92
97553808,0.04,0.12,-9.92
97557392,0.00,0.04,-10.12
97561036,-0.04,0.12,-10.43
97564716,0.00,0.08,-10.20
97568352,0.00,0.04,-10.08
97571992,0.04,0.08,-10.00
97575616,0.00,0.16,-10.24
97579260,0.00,0.08,-9.81
97582844,-0.04,0.12,-10.20
97586516,-0.78,-0.31,-8.75
97590160,-1.61,-0.47,-8.90
97593800,-1.84,-0.71,-9.96
97597432,-1.92,-0.47,-10.79
97601136,-2.16,-0.31,-10.90
97604832,-2.39,-0.04,-10.51
97608524,-2.59,0.31,-10.12
97612208,-2.59,0.08,-9.61
97615812,-2.75,-0.27,-9.53
97619452,-2.98,0.16,-10.51
97623132,-2.90,-0.08,-10.75
97626816,-3.14,-0.04,-10.40
97630504,-3.18,0.12,-9.69
97634132,-3.02,0.43,-10.59
97637816,-3.02,0.31,-10.75
97641500,-3.30,0.55,-10.08
97645176,-2.98,0.59,-10.40
97648848,-3.49,1.06,-10.00
97652512,-3.77,1.33,-9.26
97656140,-3.69,1.65,-8.83
97659768,-3.65,1.84,-9.65
97663388,-3.69,1.96,-9.38
97667012,-3.53,2.12,-10.16
97670712,-3.30,2.39,-10.28
97674400,-3.26,2.47,-9.34
97678024,-2.98,2.51,-9.77
97681648,-2.43,2.55,-10.59
97685344,-1.92,2.71,-11.26
97689032,-0.67,2.35,-13.53
97692728,-0.20,2.59,-15.14
97696396,-0.16,2.98,-14.36
97700072,-3.02,4.98,3.45
97703672,-2.98,2.31,-0.35
97707292,-0.39,1.37,-9.89
97710924,0.47,-0.27,-15.18
97714600,0.27,0.31,-15.06
97718260,0.67,2.28,-11.49
97721944,-0.04,2.86,-6.79
97725556,-0.08,2.43,-7.14
97729168,1.10,1.49,-11.14
97732832,2.94,0.39,-14.24
97736496,2.55,0.55,-10.98
97740160,1.10,0.35,-8.00
97743760,1.06,-0.20,-8.20
97747368,2.28,-1.06,-11.30
97751056,3.30,-0.90,-12.32
97754728,2.43,-0.47,-9.69
97758360,2.39,-0.82,-9.85
97761984,2.86,-0.82,-10.79
97765660,3.10,-1.22,-11.18
97769352,3.57,-1.18,-10.32
97773044,3.41,-1.26,-9.69
97776692,3.65,-1.49,-9.61
97780324,4.08,-1.80,-10.55
97784004,4.16,-1.80,-10.71
97787692,4.12,-1.61,-9.41
97791340,4.20,-1.57,-10.04
97795020,4.47,-1.57,-10.12
97798716,4.79,-1.49,-10.20
97802392,4.75,-1.10,-10.00
97806060,4.67,-1.29,-9.69
97809696,4.71,-1.92,-9.73
97813332,4.75,-1.73,-10.36
97817020,4.67,-1.65,-10.16
97820708,4.31,-1.77,-9.92
97824344,4.24,-1.65,-9.85
97827976,3.41,-1.69,-8.43
97831600,0.27,-1.49,-6.63
97835220,0.55,-1.41,-10.20
97838912,0.20,-1.80,-10.24
97842584,-0.24,-1.73,-10.04
97846288,-0.24,-1.06,-10.20
97849980,0.16,-0.31,-9.89
97853612,0.16,0.12,-9.41
97857216,0.24,0.39,-9.34
97860812,0.63,0.86,-9.22
97864412,0.51,0.78,-8.87
97868008,0.51,1.29,-8.87
97871616,0.86,1.49,-9.26
97875220,0.86,2.08,-9.18
97878820,1.06,2.47,-8.87
97882416,1.02,2.55,-8.94
97886016,1.14,2.71,-8.87
97889640,0.98,2.71,-9.38
97893256,1.22,2.79,-9.10
97896864,1.14,2.71,-8.98
97900476,0.90,2.51,-9.41
97904072,1.14,2.31,-9.89
97907692,0.90,1.57,-9.81
97911292,0.71,1.33,-10.00
97914952,0.75,0.82,-10.00
97918608,0.75,0.35,-10.32
97922276,0.59,-0.24,-10.87
97925960,0.47,-0.51,-10.59
97929636,0.59,-0.78,-11.06
97933304,0.55,-1.14,-11.10
97936996,0.39,-1.37,-10.98
97940684,0.35,-1.61,-11.81
97944380,0.16,-1.69,-10.94
97948060,0.04,-1.69,-11.26
97951736,-0.20,-2.28,-10.47
97955444,-0.39,-1.37,-11.26
97959136,-0.59,-1.73,-10.83
97962840,-0.67,-1.49,-10.55
97966540,-0.71,-1.33,-10.71
97970256,-0.43,-1.29,-10.28
97973956,-0.67,-0.94,-10.47
97977652,-0.75,-0.86,-11.06
97981360,-0.39,-0.63,-10.59
97985056,-0.12,-0.16,-11.45
97988768,0.04,-0.31,-12.04
97992428,0.35,-0.27,-12.63
97996120,0.67,-0.16,-12.59
97999796,0.63,0.00,-12.04
98003444,0.35,0.04,-11.85
98007096,0.16,0.00,-11.65
98010756,0.20,-0.12,-11.41
98014428,-0.04,0.16,-11.61
98018116,-0.24,0.08,-10.94
98021784,-0.31,0.00,-10.71
98025452,-0.47,-0.16,-10.67
98029156,-0.71,0.12,-10.55
98032844,-0.63,0.12,-10.20
98036524,-0.47,0.16,-10.20
98040204,-0.35,0.35,-10.55
98043884,-0.31,0.63,-10.16
98047576,-0.43,0.86,-10.47
98051260,-0.39,0.86,-9.81
98054872,-0.51,1.33,-9.77
98058496,-0.47,1.37,-9.77
98062120,-0.71,1.33,-9.65
98065748,-0.51,1.45,-9.30
98069368,-0.55,1.61,-9.69
98072992,-0.43,1.61,-9.53
98076616,-0.31,1.57,-9.73
98080256,-0.35,1.49,-9.53
98083884,-0.16,1.49,-9.69
98087512,-0.16,1.29,-9.61
98091136,0.00,1.22,-9.61
98094724,-0.04,1.33,-9.96
98098348,0.04,1.02,-9.57
98101948,0.04,0.94,-10.12
98105600,0.12,0.86,-10.16
98109268,0.24,0.86,-9.49
98112872,0.27,0.71,-9.53
98116480,0.20,0.82,-9.81
98120080,0.27,0.71,-9.85
98123700,0.35,0.78,-9.53
98127316,0.31,0.67,-9.96
98130928,0.27,0.47,-9.45
98134528,-0.35,1.37,-4.20
98138152,-0.24,1.26,-4.47
98141792,0.39,-0.20,-8.43
98145396,0.75,-1.22,-11.34
98149100,0.94,-1.80,-10.98
98152780,0.71,-1.57,-10.98
98156472,0.16,-0.71,-10.24
98160152,-0.27,-0.04,-9.57
98163788,-0.35,0.08,-9.69
98167388,-0.55,-0.43,-9.30
98171032,-0.47,-0.75,-9.65
98174676,-0.35,-0.55,-9.89
98178324,-0.31,-1.26,-9.61
98181968,-0.12,-1.33,-9.69
98185608,-0.08,-0.59,-10.59
98189300,-0.16,-0.39,-10.36
98193004,-0.08,-0.39,-9.85
98196632,-0.24,0.00,-10.04
98200300,-0.20,0.12,-10.08
98203972,-0.20,0.47,-10.36
98207668,-0.08,0.31,-10.12
98211352,0.08,0.39,-10.16
98215008,-0.08,0.67,-10.63
98218684,0.20,0.55,-10.43
98222340,0.00,0.59,-10.59
98225988,0.16,0.86,-10.71
98229664,0.12,0.98,-10.67
98233336,0.04,1.02,-11.18
98237000,0.16,1.02,-10.83
98240684,0.08,0.94,-11.38
98244348,0.04,0.71,-10.87
98248004,-0.04,0.71,-10.87
98251692,-0.08,0.27,-10.32
98255364,-0.24,0.55,-10.59
98259048,-0.39,0.39,-10.87
98262724,-0.59,0.39,-10.40
98266400,-0.59,0.20,-10.32
98270076,-0.59,0.20,-10.55
98273760,-0.47,0.12,-10.28
98277432,-0.47,0.08,-10.04
98281100,-0.51,0.16,-10.16
98284792,-0.47,0.20,-10.12
98288472,-0.43,0.35,-9.96
98292100,-0.27,0.24,-9.92
98295740,-0.35,0.75,-9.89
98299368,-0.47,0.59,-10.04
98303044,-0.24,0.75,-10.28
98306720,-0.16,1.57,-7.53
98310352,0.08,1.69,-6.83
98313944,0.63,0.86,-8.43
98317560,0.90,0.12,-10.08
98321200,0.86,0.00,-10.51
98324852,0.59,0.31,-10.67
98328516,0.12,0.82,-10.28
98332164,0.00,0.90,-10.12
98335804,-0.08,0.86,-10.28
98339468,-0.16,0.39,-10.32
98343132,0.00,0.08,-9.89
98346720,-0.08,-0.08,-10.55
98350400,-0.04,-0.35,-10.43
98354100,-0.04,-0.78,-10.00
98357784,-0.04,-0.16,-10.59
98361460,0.00,-0.47,-10.59
98365104,0.00,-0.63,-10.32
98368780,-0.08,-0.16,-10.51
98372448,0.00,-0.67,-9.92
98376052,0.04,-0.55,-9.49
98379672,0.08,-0.75,-9.38
98383288,0.04,-0.55,-9.96
98386896,0.00,-0.71,-9.85
98390508,0.04,-0.27,-10.00
98394160,0.00,-0.12,-10.43
98397824,0.04,0.24,-10.20
98401480,-0.08,0.04,-10.08
98405120,0.00,0.39,-10.28
98408772,-0.20,0.31,-9.73
98412380,-0.04,0.71,-10.20
98416032,0.00,0.63,-10.12
98419684,0.04,0.90,-10.20
98423336,-0.08,0.75,-10.32
98427012,0.04,0.75,-9.92
98430600,0.04,0.63,-9.89
98434200,0.24,0.75,-9.89
98437808,0.24,0.43,-10.12
98441460,0.55,0.51,-9.61
98445064,0.27,0.24,-9.73
98448676,0.39,0.20,-9.92
98452272,0.12,0.04,-9.89
98455864,0.20,0.00,-10.47
98459496,0.16,0.00,-10.16
98463148,0.08,-0.16,-10.40
98466824,-0.31,-0.31,-10.51
98470512,-0.08,0.00,-10.00
98474160,-0.08,0.04,-10.24
98477808,-0.27,0.00,-10.67
98481476,-0.31,0.12,-10.24
98485164,-0.24,0.08,-9.89
98488776,-0.20,0.08,-9.69
98492372,-0.12,0.27,-10.08
98496052,-0.16,0.47,-10.24
98499744,-0.20,0.63,-9.92
98503356,-0.04,0.71,-10.51
98507040,0.04,0.71,-10.12
98510692,0.04,0.67,-9.89
98514296,-0.12,0.63,-10.16
98517976,-0.04,0.90,-10.43
98521652,-0.08,0.39,-9.53
98525248,0.00,0.63,-10.28
98528892,0.08,0.67,-10.36
98532552,0.04,0.67,-10.04
98536196,0.20,0.82,-10.40
98539860,0.24,0.90,-9.81
98543464,0.20,0.24,-9.69
98547076,0.20,0.39,-10.24
98550748,0.08,0.35,-10.08
98554388,0.16,0.08,-9.85
98557980,0.12,0.00,-9.69
98561560,-0.04,0.04,-9.85
98565172,-0.12,-0.20,-10.36
98568856,-0.16,-0.35,-10.00
98572536,-0.31,-0.31,-9.92
98576176,-0.35,-0.08,-10.36
98579872,-0.39,0.27,-10.47
98583536,-0.67,0.00,-9.89
98587140,-0.59,0.12,-10.12
98590824,-0.67,0.04,-10.04
98594484,-0.75,0.04,-10.08
98598144,-0.55,0.12,-9.89
98601776,-0.55,0.24,-10.12
98605464,-0.75,0.35,-10.20
98609140,-0.47,0.55,-10.24
98612820,-0.51,0.67,-10.43
98616500,-0.39,0.71,-10.00
98620168,-0.27,0.75,-10.04
98623848,-0.27,0.78,-9.81
98627468,-0.12,0.78,-9.96
98631080,0.00,0.78,-10.00
98634712,0.08,0.55,-10.00
98638356,0.04,0.59,-10.24
98642016,0.12,0.20,-10.24
98645668,0.08,0.31,-9.96
98649268,0.08,0.27,-10.16
98652920,0.00,0.31,-10.24
98656568,-0.04,0.27,-10.55
98660228,0.00,0.04,-9.65
98663796,0.00,0.12,-10.00
98667412,0.00,-0.12,-10.12
98671080,0.00,0.24,-9.89
98674668,0.00,-0.08,-9.85
98678268,0.08,0.67,-10.40
98681924,0.08,0.24,-9.89
98685524,0.04,0.39,-10.24
98689176,0.00,0.12,-10.12
98692828,0.04,-0.08,-9.69
98696412,0.00,0.16,-10.32
98700068,0.04,0.27,-10.36
98703740,0.04,0.16,-9.89
98707320,0.00,0.12,-9.69
98710904,0.00,0.08,-9.41
98714472,0.00,0.16,-9.92
98718052,0.04,0.00,-9.81
98721620,0.00,0.16,-9.81
98725232,0.08,-0.04,-10.00
98728892,0.04,0.35,-10.04
98732528,0.00,0.20,-9.85
98736104,0.00,0.24,-9.85
98739704,0.12,0.59,-10.24
98743364,-0.04,0.98,-10.24
98747016,0.00,0.31,-10.24
98750668,0.12,0.43,-9.92
98754276,-0.04,0.20,-9.34
98757892,-0.55,0.20,-9.14
98761508,-0.78,0.39,-9.89
98765124,-1.22,0.35,-9.77
98768752,-1.33,0.27,-10.12
98772440,-1.61,-0.08,-10.28
98776136,-1.80,0.35,-10.28
98779804,-2.16,0.20,-9.77
98783420,-2.43,-0.16,-9.45
98787068,-2.31,0.35,-10.55
98790772,-2.16,0.16,-10.51
98794460,-2.71,0.12,-10.12
98798148,-3.18,0.24,-9.96
98801764,-3.53,-0.27,-10.00
98805448,-3.49,-0.16,-10.63
98809140,-3.84,-0.51,-10.32
98812852,-4.12,-0.47,-10.43
98816548,-4.12,-0.39,-10.55
98820256,-4.35,-0.20,-10.47
98823940,-4.47,0.27,-9.61
98827556,-4.67,0.86,-9.45
98831176,-4.71,1.02,-9.77
98834808,-4.79,1.06,-10.55
98838484,-4.79,1.45,-10.90
98842168,-4.86,2.00,-10.90
98845840,-4.47,2.39,-10.43
98849520,-4.43,3.30,-10.24
98853216,-4.39,3.69,-9.14
98856844,-4.43,4.24,-8.83
98860472,-4.00,4.82,-9.45
98864084,-2.75,4.63,-11.22
98867776,-2.00,5.22,-11.65
98871456,-1.41,5.53,-11.49
98875144,0.16,5.92,-10.12
98878816,0.59,5.53,-8.16
98882412,1.41,4.90,-8.71
98886016,2.24,3.45,-10.12
98889684,3.10,3.33,-10.47
98893348,3.02,2.67,-10.40
98897012,2.71,2.31,-9.41
98900624,2.79,1.45,-10.16
98904312,2.47,0.31,-10.16
98907984,2.31,-0.75,-10.43
98911668,2.04,-1.77,-10.08
98915348,1.73,-2.59,-9.92
98918964,1.61,-3.41,-10.24
98922664,1.96,-4.24,-10.47
98926340,1.96,-4.86,-9.92
98929960,2.16,-5.33,-10.12
98933652,1.73,-5.33,-9.41
98937292,1.84,-5.45,-10.32
98940980,2.08,-5.06,-10.51
98944652,2.24,-4.67,-10.00
98948332,2.20,-4.24,-9.53
98951956,2.08,-3.49,-9.49
98955572,3.02,-2.82,-10.43
98959256,3.14,-2.16,-10.40
98962944,3.84,-1.45,-10.43
98966640,4.28,-0.90,-10.20
98970312,4.75,-1.10,-9.61
98973948,4.94,-0.90,-9.77
98977564,5.26,-0.59,-10.16
98981244,5.26,-0.55,-9.81
98984888,4.86,-0.63,-9.30
98988516,4.86,-0.59,-10.20
98992192,4.31,-0.63,-10.43
98995876,3.80,-1.02,-10.00
98999532,3.14,-1.22,-9.85
99003160,2.63,-1.33,-9.96
99006784,2.08,-1.18,-10.12
99010480,1.57,-0.94,-10.16
99014160,1.14,-0.67,-10.24
99017852,0.55,0.00,-9.77
99021440,0.43,0.78,-10.20
99025104,0.31,1.92,-10.75
99028772,0.16,1.41,-10.51
99032444,0.24,1.41,-10.63
99036108,0.55,1.65,-10.51
99039772,0.51,2.20,-10.12
99043444,0.90,2.31,-10.36
99047104,1.14,3.22,-9.81
99050724,1.18,3.41,-9.41
99054328,1.65,3.73,-9.53
99057940,1.73,3.33,-10.20
99061604,1.77,3.02,-10.59
99065276,1.57,2.90,-10.12
99068952,1.41,2.35,-10.00
99072608,1.37,2.04,-9.96
99076228,1.22,1.84,-10.55
99079904,1.26,1.45,-10.24
99083576,1.29,0.55,-10.12
99087236,1.06,0.47,-10.00
99090900,1.22,0.47,-9.96
99094508,1.10,-0.16,-9.65
99098128,0.94,-0.12,-9.61
99101756,1.02,-0.82,-9.81
99105372,0.59,-1.14,-9.61
99109004,0.63,-1.26,-10.04
99112688,0.12,-1.57,-10.08
99116368,0.04,-1.61,-10.36
99120060,-0.31,-1.61,-9.96
99123712,-0.51,-1.49,-9.92
99127348,-0.63,-1.29,-10.24
99131052,-0.75,-1.02,-10.90
99134752,-0.82,-0.82,-10.59
99138452,-0.71,-0.43,-10.83
99142144,-0.67,-0.51,-9.89
99145784,-0.67,-0.86,-9.96
99149412,-0.51,-0.67,-10.08
99153104,0.12,-0.51,-10.75
99156784,0.63,-0.47,-10.47
99160464,0.43,0.04,-9.85
99164068,0.31,0.08,-9.34
99167672,0.47,-0.04,-9.65
99171288,0.43,-0.20,-9.92
99174904,0.59,-0.59,-10.12
99178580,0.59,0.43,-10.63
99182228,0.55,0.27,-9.81
99185844,0.67,0.35,-9.77
99189440,0.55,0.51,-9.73
99193060,0.59,0.47,-10.00
99196716,0.51,0.35,-10.32
99200380,0.51,0.47,-10.20
99204052,0.35,0.39,-10.04
99207716,0.31,0.24,-10.08
99211368,0.20,0.35,-9.73
99214972,0.04,0.24,-10.12
99218644,0.16,0.20,-10.20
99222304,-0.12,0.39,-10.08
99225980,0.12,0.51,-10.40
99229648,0.04,0.47,-10.47
99233308,0.04,0.55,-10.24
99236944,0.00,0.59,-9.96
99240532,0.04,0.43,-10.47
99244184,0.00,0.55,-9.96
99247768,-0.04,0.39,-10.32
99251440,-0.08,0.39,-10.12
99255112,-0.04,0.39,-10.04
99258780,-0.12,0.35,-10.47
99262460,-0.16,0.24,-10.40
99266120,0.00,0.00,-9.92
99269700,-0.04,0.16,-9.96
99273308,-0.12,0.27,-10.00
99276984,-0.12,0.35,-10.04
99280660,-0.08,0.78,-10.40
99284344,-0.12,0.78,-10.47
99288024,-0.31,0.78,-10.51
99291708,-0.27,0.47,-10.00
99295376,-0.24,0.20,-10.12
99299064,-0.35,0.75,-10.08
99302744,-0.35,0.47,-9.92
99306356,-0.35,0.51,-10.40
99310032,-0.24,0.63,-10.12
99313728,-0.24,0.47,-10.16
99317392,-0.08,0.59,-10.12
99321068,0.04,0.39,-9.77
99324656,0.12,0.55,-9.81
99328272,0.08,0.31,-10.08
99331920,0.20,0.35,-9.69
99335528,0.08,0.39,-9.96
99339128,-0.08,0.08,-10.40
99342788,0.08,0.04,-10.00
99346408,0.00,-0.12,-9.34
99350016,-0.20,0.12,-9.81
99353632,-0.16,0.00,-10.28
99357308,0.08,0.04,-10.12
99360944,0.00,0.12,-9.96
99364512,0.00,-0.08,-9.65
99368108,0.00,0.12,-10.43
99371760,0.12,0.16,-10.36
99375424,0.04,0.24,-9.73
99379028,0.08,0.43,-9.61
99382648,0.08,0.16,-10.16
99386312,0.20,0.35,-10.12
99389976,0.20,0.35,-10.20
99393636,0.12,0.51,-10.12
99397300,0.08,0.43,-9.85
99400908,0.16,0.47,-10.40
99404572,0.16,0.47,-10.00
99408232,0.04,0.43,-9.85
99411840,0.16,0.39,-10.12
99415508,0.20,0.24,-10.00
99419168,0.12,0.20,-9.92
99422764,0.08,0.20,-10.00
99426392,0.12,0.27,-10.24
99430056,0.12,0.16,-9.81
99433668,0.12,0.24,-10.12
99437332,0.12,0.08,-9.89
99440932,0.16,0.24,-10.32
99444608,0.16,0.31,-10.24
99448280,0.35,0.39,-9.92
99451888,0.20,0.27,-9.96
99455492,0.24,-0.16,-9.49
99459116,0.27,0.12,-10.16
99462784,0.47,0.35,-10.20
99466440,0.35,0.24,-9.96
99470056,0.43,0.24,-10.20
99473720,0.35,0.51,-10.28
99477380,0.35,0.24,-9.89
99480996,0.39,0.35,-10.43
99484656,0.27,0.08,-10.00
99488308,0.20,0.24,-9.96
99491908,0.04,0.39,-10.00
99495544,0.04,0.55,-9.92
99499152,0.04,0.35,-10.24
99502812,0.04,0.43,-10.24
99506468,0.16,0.55,-10.20
99510132,0.16,0.43,-10.24
99513792,-0.04,0.63,-9.89
99517412,0.12,0.39,-9.77
99521004,0.00,0.24,-9.81
99524604,0.12,0.04,-10.08
99528264,0.08,0.16,-9.89
99531872,0.16,-0.08,-9.61
99535484,0.16,-0.04,-9.85
99539104,0.27,0.04,-10.08
99542752,0.24,0.16,-9.89
99546360,0.31,-0.04,-10.24
99550048,0.35,0.08,-10.36
99553716,0.16,0.04,-10.20
99557348,0.24,0.00,-9.85
99560936,0.16,0.00,-9.85
99564528,0.16,0.12,-9.69
99568132,-0.08,-0.12,-9.53
99571768,0.20,-0.08,-9.69
99575352,0.08,0.00,-10.55
99578992,-0.04,0.16,-10.71
99582656,0.00,0.35,-10.55
99586300,0.00,0.43,-10.63
99589932,0.00,0.59,-10.04
99593560,0.00,0.63,-10.08
99597192,0.00,0.63,-10.04
99600840,-0.08,0.59,-10.16
99604524,-0.16,0.47,-10.24
99608204,-0.39,0.55,-10.24
99611892,-0.43,0.75,-10.04
99615568,-0.31,0.24,-9.89
99619196,-0.12,0.63,-9.92
99622828,-0.12,0.71,-10.04
99626500,-0.04,1.41,-10.98
99630172,-0.04,0.98,-9.65
99633784,0.04,1.02,-10.59
99637440,-0.04,0.78,-9.65
99641048,0.12,0.51,-9.85
99644632,0.00,0.82,-9.81
99648224,0.12,0.35,-9.69
99651832,0.04,0.47,-10.00
99655476,0.04,0.20,-9.92
99659064,-0.04,0.04,-9.65
99662680,-0.16,-0.35,-9.26
99666300,0.00,0.24,-10.00
99669944,-0.16,0.55,-10.40
99673628,-0.08,0.04,-9.96
99677232,-0.31,0.04,-9.89
99680856,-0.12,-0.04,-9.96
99684472,-0.16,0.00,-9.96
99688052,-0.20,0.00,-9.65
99691660,-0.24,0.08,-9.96
99695272,-0.71,0.27,-9.69
99698900,-0.63,0.12,-10.59
99702580,-0.55,0.31,-10.47
99706264,-0.35,0.16,-10.20
99709932,-0.47,0.51,-10.00
99713624,-0.47,0.43,-10.20
99717312,-0.51,0.35,-10.43
99720988,-0.39,0.35,-9.81
99724624,-0.43,0.47,-10.36
99728316,-0.35,0.35,-10.28
99731996,-0.24,0.24,-10.47
99735688,-0.08,0.39,-9.73
99739296,-0.08,0.27,-10.24
99742948,0.00,0.16,-10.00
99746572,0.00,0.20,-9.81
99750156,0.04,0.12,-9.89
99753756,0.04,0.04,-9.61
99757340,0.04,-0.24,-10.12
99761024,-0.04,-0.04,-9.85
99764648,0.04,-0.24,-10.24
99768304,0.00,-0.16,-9.92
99771916,-0.12,-0.31,-10.00
99775616,-0.20,-0.08,-9.96
99779224,-0.24,0.00,-10.47
99782888,-0.04,0.04,-10.32
99786556,-0.24,0.16,-9.85
99790200,-0.27,0.12,-10.28
99793888,-0.16,0.08,-10.32
99797568,-0.12,0.59,-10.59
99801248,-0.12,0.00,-10.00
99804900,-0.16,0.08,-9.65
99808516,-0.20,0.27,-10.16
99812204,-0.20,0.20,-10.28
99815876,-0.27,0.31,-9.85
99819504,-0.20,0.39,-10.12
99823200,-0.20,0.51,-10.43
99826892,-0.16,0.12,-10.40
99830572,-0.20,0.24,-10.20
99834256,-0.08,0.24,-10.08
99837904,0.00,0.24,-9.92
99841496,0.08,0.39,-10.08
99845148,0.04,0.59,-10.24
99848804,-0.12,0.35,-10.04
99852484,-0.24,0.20,-10.75
99856156,-0.04,0.04,-9.89
99859764,0.04,0.04,-9.77
99863348,0.20,-0.16,-10.32
99867028,0.27,0.27,-9.65
99870640,0.31,0.63,-9.69
99874252,0.16,0.63,-10.12
99877916,0.00,0.63,-9.89
99881496,0.00,0.78,-10.32
99885124,0.00,0.86,-9.89
99888720,0.04,0.90,-10.40
99892356,0.00,0.75,-9.96
99895940,0.08,0.59,-9.96
99899544,0.08,0.43,-9.53
99903120,0.00,0.04,-9.38
99906704,-0.20,0.00,-9.69
99910288,-0.82,0.00,-10.32
99913956,-0.78,0.16,-10.12
99917636,-1.22,0.08,-10.04
99921292,-1.45,0.00,-10.04
99924940,-1.61,0.00,-10.16
99928616,-1.57,-0.04,-9.41
99932252,-1.69,-0.04,-9.92
99935864,-1.77,0.00,-10.12
99939520,-1.92,0.00,-10.20
99943192,-1.96,0.04,-10.16
99946872,-1.96,0.08,-10.04
99950540,-2.35,0.04,-10.04
99954204,-2.55,-0.24,-9.77
99957852,-2.75,-0.08,-10.16
99961544,-2.94,0.04,-10.51
99965212,-3.18,0.16,-9.92
99968848,-3.26,-0.04,-10.16
99972536,-3.33,-0.20,-9.69
99976180,-3.37,0.16,-9.73
99979816,-3.49,0.43,-10.08
99983496,-3.45,0.51,-10.16
99987192,-3.53,0.75,-10.40
99990884,-3.41,1.14,-10.24
99994572,-3.45,1.29,-10.67
99998264,-3.41,1.69,-10.36
100001956,-3.57,2.00,-9.96
100005628,-3.41,2.16,-10.55
100009380,-3.41,2.35,-10.55
100013116,-3.45,2.47,-9.92
100016788,-3.53,2.75,-9.73
100020472,-3.02,2.86,-10.16
100024216,-2.55,3.26,-10.63
100027972,-2.20,3.30,-9.45
100031656,-1.88,3.41,-9.10
100035328,-1.69,3.26,-9.81
100039028,-1.22,3.26,-10.28
100042780,-0.94,2.98,-9.45
100046452,-1.73,2.35,-9.02
100050132,-1.33,1.96,-10.12
100053876,-0.67,1.26,-10.87
100057620,-0.55,0.78,-10.20
100061344,-0.75,0.00,-9.69
100065024,-0.67,-0.82,-10.16
100068768,-0.55,-1.18,-11.02
100072520,0.04,-1.14,-11.06
100076260,0.12,-1.41,-10.20
100080000,0.78,-1.96,-9.96
100083680,1.37,-2.12,-10.16
100087424,1.88,-2.00,-9.85
100091092,2.35,-1.84,-10.43
100094844,2.82,-1.84,-10.87
100098588,2.86,-1.92,-9.92
100102284,3.22,-2.20,-9.77
100105964,3.57,-1.61,-10.51
100109712,3.77,-1.41,-10.04
100113452,3.80,-1.65,-10.59
100117184,4.12,-1.22,-10.51
100120944,3.84,-0.78,-9.96
100124620,4.43,-1.02,-10.94
100128364,4.28,-0.94,-10.55
100132096,4.67,-0.94,-9.81
100135776,4.31,-0.63,-9.81
100139456,4.59,-0.59,-10.24
100143196,4.94,-0.31,-10.59
100146936,4.94,-0.39,-9.89
100150628,5.14,-0.35,-9.61
100154308,5.22,-0.35,-9.49
100158000,5.37,-0.47,-10.47
100161732,5.45,-0.59,-10.20
100165464,5.45,-0.43,-10.00
100169200,4.90,-0.75,-9.73
100172880,4.75,-0.67,-10.08
100176616,3.26,-0.90,-8.00
100180288,0.20,-0.43,-9.14
100183976,0.75,-0.12,-11.53
100187724,0.08,0.43,-11.14
100191440,0.31,0.47,-12.16
100195172,0.55,0.04,-11.73
100198900,0.94,0.51,-10.75
100202624,1.18,1.14,-9.69
100206296,1.45,1.84,-8.39
100209956,1.69,2.51,-8.59
100213616,2.20,2.59,-9.89
100217284,2.28,2.59,-10.67
100221020,2.08,2.51,-10.36
100224740,1.49,2.31,-9.92
100228404,1.22,1.84,-10.00
100232120,1.14,1.53,-9.77
100235792,0.90,1.49,-9.77
100239448,0.82,1.41,-10.20
100243176,0.78,1.41,-9.96
100246840,0.78,1.49,-9.96
100250500,0.86,1.37,-10.12
100254232,0.86,1.22,-10.04
100257964,0.90,1.02,-10.00
100261668,0.67,0.55,-9.57
100265332,0.71,0.20,-10.00
100269040,0.59,0.08,-10.08
100272756,0.35,-0.08,-10.32
100276488,-0.08,-0.43,-10.04
100280244,-0.08,-0.75,-9.92
100283928,-0.24,-0.90,-10.00
100287684,-0.31,-0.90,-10.40
100291420,-0.27,-1.06,-9.61
100295120,-0.31,-0.86,-10.08
100298876,-0.43,-0.78,-10.67
100302628,-0.55,-0.67,-10.28
100306392,-0.39,-0.63,-10.47
100310160,-0.31,-0.90,-10.20
100313900,0.04,-1.06,-10.16
100317632,0.16,-0.90,-10.28
100321364,0.63,-1.18,-11.30
100325096,0.98,-0.98,-10.32
100328840,1.10,-0.47,-9.02
100332512,0.94,-0.12,-8.39
100336188,1.22,-0.43,-8.79
100339876,1.14,-0.78,-9.73
100343560,1.18,-0.90,-11.02
100347292,1.10,-0.67,-10.90
100351032,0.86,-0.20,-10.32
100354748,0.55,0.00,-9.57
100358396,0.16,0.16,-9.57
100362056,0.27,0.12,-9.77
100365720,0.12,0.31,-9.49
100369376,0.16,0.27,-9.85
100373048,0.08,0.24,-10.04
100376760,0.08,0.20,-10.00
100380456,0.20,0.20,-9.92
100384120,0.31,0.12,-10.20
100387852,0.35,0.16,-10.43
100391576,0.35,0.35,-10.32
100395300,0.43,0.08,-9.89
100398960,0.43,0.43,-10.47
100402700,0.20,0.20,-10.47
100406420,0.12,0.16,-10.04
100410132,-0.12,0.20,-9.77
100413812,-0.43,-0.16,-9.22
100417496,-0.43,0.00,-9.22
100421172,-0.35,-0.20,-9.45
100424856,-0.31,0.00,-9.57
100428516,-0.16,-0.16,-9.85
100432232,-0.12,-0.12,-10.40
100435992,-0.04,-0.12,-10.04
100439728,-0.16,0.12,-10.28
100443468,-0.12,-0.31,-9.73
100447164,0.00,-0.04,-10.04
100450860,0.00,-0.04,-10.47
100454592,0.16,0.04,-10.40
100458288,0.00,0.31,-10.83
100462012,-0.20,0.31,-10.87
100465744,-0.27,0.35,-10.75
100469484,-0.20,0.47,-10.28
100473228,-0.39,0.55,-10.63
100476964,-0.51,0.55,-10.43
100480700,-0.59,0.55,-10.20
100484436,-0.71,0.31,-9.53
100488120,-0.90,0.63,-10.28
100491860,-0.98,0.86,-10.04
100495592,-1.06,0.39,-9.38
100499272,-0.67,0.71,-9.92
100502956,-0.82,0.78,-10.04
100506684,-0.59,0.71,-9.89
100510356,-0.47,0.71,-10.20
100514084,-0.20,1.02,-10.47
100517820,0.00,0.90,-10.87
100521500,0.00,0.86,-10.51
100525208,0.00,0.63,-11.34
100528920,0.08,0.20,-10.59
100532632,0.04,0.12,-10.75
100536336,0.00,0.27,-10.98
100540028,0.00,0.16,-10.51
100543740,-0.12,-0.16,-10.28
100547504,-0.12,0.24,-10.63
100551260,-0.39,0.04,-10.24
100555000,-0.27,0.16,-10.75
100558736,-0.27,0.31,-10.12
100562480,-0.39,0.39,-10.55
100566220,-0.24,0.27,-9.96
100569884,-0.27,0.63,-10.00
100573608,-0.35,1.10,-10.43
100577344,-0.31,0.86,-9.73
100581012,-0.35,1.33,-10.08
100584748,-0.39,0.82,-9.89
100588420,-0.39,1.06,-9.69
100592108,-0.31,0.86,-10.04
100595852,-0.35,0.90,-9.41
100599516,-0.27,0.59,-9.96
100603192,-0.16,0.82,-10.24
100606928,-0.08,0.55,-10.32
100610680,-0.08,0.51,-10.12
100614400,0.00,0.43,-10.24
100618108,0.04,0.39,-10.71
100621828,0.16,0.31,-10.28
100625572,0.16,0.16,-10.51
100629300,0.20,0.12,-10.94
100633016,0.16,-0.24,-10.71
100636752,0.27,-0.47,-10.40
100640488,0.16,-0.39,-10.20
100644216,0.00,-0.31,-10.59
100647924,0.00,-0.20,-10.43
100651648,-0.12,-0.08,-9.81
100655324,-0.12,1.06,-5.45
100659008,-0.04,-0.04,-5.14
100662688,0.39,-1.33,-8.12
100666380,0.43,-1.41,-11.65
100670108,0.51,-1.96,-12.51
100673852,0.16,-1.14,-11.53
100677600,-0.04,0.16,-10.75
100681320,-0.27,1.02,-9.41
100685004,-0.43,1.02,-9.45
100688684,0.08,0.55,-9.85
100692332,0.00,0.20,-10.83
100696028,0.00,-0.04,-10.63
100699736,0.00,0.08,-10.55
100703420,0.00,0.08,-10.20
100707100,0.00,0.12,-9.96
100710728,0.00,0.27,-9.77
100714376,0.04,0.16,-10.24
100718092,0.08,0.12,-10.67
100721820,0.08,-0.35,-10.32
100725520,0.00,0.00,-10.00
100729188,0.00,0.20,-10.00
100732880,-0.16,-0.16,-9.57
100736592,0.04,0.20,-10.20
100740296,-0.08,-0.08,-10.36
100744040,-0.12,0.16,-10.04
100747768,-0.31,0.27,-9.85
100751440,-0.27,0.51,-9.77
100755112,-0.27,0.59,-10.20
100758840,-0.35,0.67,-9.89
100762536,-0.31,0.78,-10.20
100766272,-0.24,0.51,-9.69
100769960,-0.27,1.02,-10.47
100773688,-0.24,1.06,-10.51
100777428,-0.16,1.29,-9.96
100781116,-0.08,1.10,-10.20
100784840,-0.35,0.98,-9.73
100788520,-0.31,0.94,-10.16
100792260,-0.20,0.82,-10.40
100796004,-0.24,0.78,-10.08
100799736,-0.08,0.59,-10.04
100803460,-0.24,0.43,-9.73
100807152,-0.16,0.27,-9.92
100810832,-0.12,0.08,-9.81
100814500,-0.20,0.12,-9.34
100818176,-0.04,0.27,-10.63
100821904,-0.20,0.16,-10.00
100825636,-0.20,-0.04,-9.85
100829312,-0.20,0.04,-9.85
100832992,-0.24,-0.04,-10.08
100836724,-0.27,0.00,-9.81
100840388,-0.20,0.24,-9.92
100844064,-0.39,0.04,-9.81
100847736,-0.12,0.24,-10.00
100851456,0.00,0.24,-10.16
100855156,0.00,0.20,-10.00
100858848,0.04,0.16,-9.53
100862488,0.00,0.27,-10.08
100866188,0.04,0.59,-9.92
100869844,0.20,0.47,-10.24
100873576,0.16,0.16,-9.73
100877252,0.12,0.78,-10.24
100880988,0.16,0.27,-10.04
100884708,0.08,0.08,-10.40
100888408,0.08,0.08,-9.77
100892060,0.12,0.04,-10.24
100895788,-0.20,0.16,-10.43
100899500,0.00,0.04,-9.65
100903156,0.08,0.16,-9.92
100906824,-0.04,0.20,-10.40
100910532,0.00,0.12,-9.89
100914188,-0.04,0.20,-10.36
100917908,-0.04,0.20,-9.73
100921576,-0.04,0.27,-10.08
100925288,0.00,0.35,-10.08
100928996,0.04,0.12,-9.85
100932664,-0.04,0.12,-9.49
100936308,0.00,0.51,-9.92
100939948,0.00,0.31,-9.81
100943588,0.00,0.31,-9.89
100947248,0.04,0.51,-10.40
100950984,0.04,0.75,-10.28
100954708,0.12,0.63,-10.00
100958420,0.20,0.35,-10.16
100962144,0.24,0.55,-9.92
100965820,0.16,0.16,-10.24
100969552,0.20,0.20,-10.00
100973256,0.20,0.20,-9.89
100976912,0.20,0.16,-10.40
100980636,0.24,0.08,-10.20
100984336,0.08,0.12,-9.92
100987992,0.04,0.04,-9.53
100991640,0.08,-0.04,-9.89
100995304,0.12,0.47,-10.47
100999028,0.16,0.20,-10.12
101002748,0.27,0.20,-10.32
101006472,0.12,0.20,-9.81
101010140,0.08,0.20,-9.92
101013800,0.04,0.16,-10.24
101017528,0.12,-0.16,-10.87
101021260,0.00,0.20,-9.96
101024892,0.00,0.04,-10.28
101028592,-0.04,0.20,-10.28
101032312,0.00,0.27,-10.16
101036012,0.00,0.24,-10.28
101039728,-0.12,0.35,-10.32
101043472,-0.04,0.16,-10.08
101047212,-0.04,0.51,-10.08
101050944,-0.08,0.51,-10.08
101054664,0.00,0.16,-10.08
101058368,0.12,0.31,-10.43
101062084,0.00,0.24,-9.89
101065740,0.16,0.27,-10.20
101069448,0.04,0.27,-9.92
101073088,0.00,0.24,-10.28
101076796,0.00,0.08,-10.16
101080496,0.04,0.12,-9.92
101084140,0.04,0.00,-10.47
101087832,0.00,0.08,-10.47
101091536,-0.04,0.08,-9.92
101095208,-0.08,0.27,-10.51
101098936,-0.04,0.04,-9.65
101102608,-0.08,0.20,-10.08
101106320,-0.08,0.16,-9.96
101109988,-0.16,0.27,-10.04
101113728,-0.12,0.20,-10.12
101117460,-0.20,0.31,-9.92
101121148,0.04,0.24,-9.92
101124792,0.00,0.35,-9.65
101128440,-0.08,0.51,-10.28
101132172,0.04,0.43,-10.12
101135876,0.00,0.43,-10.12
101139572,0.00,0.47,-10.04
101143264,0.00,0.24,-10.32
101146968,0.00,0.12,-9.96
101150628,0.04,0.31,-10.43
101154344,0.08,-0.20,-9.81
101158020,0.12,0.20,-10.36
101161740,0.08,0.04,-10.20
101165440,0.08,0.08,-9.81
101169088,0.08,0.04,-9.85
101172736,0.04,0.35,-10.12
101176456,0.04,0.24,-10.08
101180164,0.04,0.31,-10.40
101183880,0.08,0.43,-9.92
101187540,0.08,0.59,-9.96
101191180,0.00,0.67,-10.04
101194880,0.08,0.55,-9.92
101198544,0.20,0.55,-9.81
101202212,0.04,0.43,-9.49
101205868,0.12,0.35,-10.67
