23277296,-3.18,-0.63,-9.57
23280932,-3.14,-0.71,-9.85
23284572,-3.18,-1.02,-9.49
23288212,-3.22,-0.98,-9.53
23291856,-3.37,-1.10,-9.26
23295496,-3.33,-0.94,-9.85
23299132,-3.14,-1.18,-10.08
23302820,-3.18,-0.90,-9.45
23306452,-3.10,-0.90,-9.26
23310080,-3.14,-0.82,-9.77
23313724,-3.18,-0.82,-9.45
23317352,-3.18,-0.82,-9.61
23320984,-2.98,-1.06,-9.77
23324624,-2.98,-0.71,-9.81
23328268,-2.98,-0.86,-9.65
23331908,-2.90,-0.71,-9.02
23335536,-2.98,-1.06,-8.87
23339176,-2.94,-1.22,-8.67
23342812,-2.79,-1.02,-9.49
23346448,-2.94,-0.86,-9.18
23350088,-2.86,-0.86,-9.26
23353728,-3.10,-1.22,-8.32
23357364,-2.86,-1.06,-9.26
23361012,-2.94,-0.90,-8.98
23364648,-2.90,-1.06,-9.26
23368292,-2.94,-1.02,-9.22
23371932,-2.94,-1.10,-8.90
23375564,-3.02,-0.94,-9.69
23379192,-2.94,-1.33,-8.79
23382836,-3.06,-0.82,-9.77
23386472,-3.14,-1.06,-9.81
23390112,-3.18,-0.98,-9.77
23393756,-3.14,-0.94,-9.49
23397388,-3.18,-0.47,-9.96
23401024,-3.22,-0.35,-10.08
23404732,-3.33,-0.47,-9.89
23408360,-3.49,-0.43,-10.00
23412056,-3.26,-0.47,-10.40
23415752,-3.37,-0.47,-9.57
23419384,-3.53,-0.51,-10.20
23423072,-3.41,-0.51,-10.32
23426772,-3.37,-0.51,-10.47
23430464,-3.41,-0.86,-10.00
23434156,-3.45,-1.49,-9.92
23437804,-3.37,-0.90,-9.73
23441440,-3.45,-1.14,-10.04
23445124,-3.37,-1.22,-10.04
23448816,-3.37,-0.98,-10.04
23452504,-3.22,-1.06,-10.08
23456196,-3.30,-0.90,-10.08
23459888,-3.22,-1.06,-9.57
23463528,-3.22,-1.37,-9.45
23467176,-3.14,-1.29,-9.38
23470816,-3.10,-0.98,-9.65
23474444,-3.06,-1.10,-9.10
23478068,-3.06,-1.29,-9.14
23481724,-3.10,-0.78,-9.49
23485352,-2.94,-1.10,-9.77
23489000,-2.98,-1.18,-9.30
23492648,-3.14,-1.18,-9.38
23496296,-3.18,-1.02,-9.34
23499944,-3.02,-1.02,-9.22
23503580,-3.14,-0.90,-9.77
23507228,-3.10,-0.78,-9.85
23510864,-3.02,-0.98,-10.00
23514540,-3.06,-0.78,-9.73
23518168,-3.26,-1.06,-9.65
23521808,-3.14,-0.86,-9.96
23525444,-3.22,-1.14,-9.26
23529084,-3.30,-0.90,-10.00
23532756,-3.22,-1.26,-10.00
23536448,-3.22,-0.98,-10.08
23540136,-3.18,-0.98,-10.04
23543828,-3.30,-1.14,-10.24
23547524,-3.26,-1.06,-9.77
23551168,-3.26,-0.94,-10.24
23554872,-3.22,-1.02,-9.85
23558512,-3.22,-1.14,-9.45
23562168,-3.14,-0.39,-10.04
23565860,-3.10,-1.26,-9.45
23569504,-3.14,-0.94,-9.85
23573128,-3.06,-0.59,-9.89
23576756,-3.10,-1.37,-9.18
23580384,-3.10,-1.06,-9.14
23584032,-2.98,-0.94,-9.22
23587668,-2.98,-0.82,-9.06
23591308,-3.10,-0.78,-8.63
23594944,-2.98,-0.78,-9.02
23598580,-2.86,-0.94,-9.57
23602224,-2.90,-0.90,-9.26
23605864,-3.02,-0.90,-8.75
23609496,-2.94,-0.94,-9.10
23613120,-2.94,-0.90,-9.26
23616756,-2.94,-0.86,-9.22
23620384,-2.94,-0.90,-9.85
23624004,-3.06,-1.22,-8.75
23627640,-3.06,-0.98,-9.22
23631276,-3.10,-0.90,-9.69
23634896,-3.06,-0.59,-9.38
23638524,-3.18,-1.02,-9.06
23642164,-3.10,-0.67,-9.61
23645800,-3.22,-0.71,-9.45
23649448,-3.37,-1.06,-9.77
23653084,-3.06,-0.90,-9.73
23656716,-3.37,-0.78,-9.38
23660348,-3.22,-0.90,-9.85
23663992,-3.22,-0.90,-10.08
23667680,-3.26,-0.86,-10.12
23671384,-3.33,-0.82,-9.85
23675032,-3.33,-1.14,-9.49
23678668,-3.26,-1.26,-9.92
23682320,-3.33,-0.90,-9.89
23685944,-3.18,-1.10,-9.57
23689588,-3.10,-1.22,-9.18
23693240,-3.06,-0.47,-9.92
23696880,-3.06,-1.14,-9.65
23700520,-2.94,-1.02,-9.81
23704156,-2.90,-1.10,-8.98
23707800,-3.02,-1.06,-9.89
23711424,-3.02,-0.98,-9.34
23715060,-3.10,-0.94,-9.10
23718696,-3.02,-0.90,-8.87
23722324,-2.94,-0.94,-9.73
23725956,-2.94,-0.98,-9.49
23729588,-2.98,-0.94,-9.30
23733216,-3.02,-1.22,-8.79
23736860,-3.06,-1.33,-9.22
23740496,-3.06,-0.90,-9.30
23744116,-3.06,-0.67,-9.77
23747756,-3.14,-1.10,-9.45
23751392,-3.06,-0.75,-10.04
23755084,-3.18,-0.75,-9.73
23758740,-3.37,-0.90,-9.73
23762360,-3.18,-0.90,-9.69
23765992,-3.33,-0.98,-10.20
23769692,-3.22,-0.90,-9.65
23773320,-3.30,-0.98,-9.92
23776948,-3.37,-1.02,-9.41
23780580,-3.33,-1.02,-9.85
23784208,-3.30,-1.18,-9.89
23787872,-3.30,-0.78,-9.85
23791516,-3.41,-0.82,-10.36
23795212,-3.26,-1.14,-9.96
23798864,-3.37,-0.82,-9.65
23802488,-3.26,-1.29,-9.41
23806140,-3.26,-0.94,-9.96
23809776,-3.30,-0.94,-9.61
23813412,-3.18,-0.82,-9.61
23817060,-3.18,-0.98,-10.08
23820748,-3.14,-0.75,-9.41
23824388,-3.18,-0.86,-9.73
23828032,-2.98,-0.94,-9.38
23831672,-3.10,-0.94,-9.57
23835312,-2.98,-0.78,-9.57
23838944,-2.94,-0.27,-9.30
23842568,-3.10,-1.26,-8.98
23846208,-2.94,-0.63,-9.61
23849848,-2.82,-1.10,-9.02
23853476,-2.79,-0.59,-8.83
23857120,-2.90,-0.67,-9.10
23860740,-2.82,-0.59,-8.55
23864372,-2.98,-0.90,-9.06
23867996,-2.90,-0.90,-9.26
23871640,-2.98,-0.78,-9.34
23875280,-2.90,-0.71,-9.53
23878912,-3.18,-0.75,-9.22
23882556,-3.14,-0.78,-9.38
23886208,-3.22,-0.78,-10.04
23889896,-3.22,-0.82,-9.57
23893536,-3.22,-0.71,-9.96
23897184,-3.33,-0.51,-10.16
23900892,-3.30,-0.90,-9.49
23904520,-3.33,-0.86,-9.85
23908152,-3.30,-1.02,-10.16
23911856,-3.30,-1.22,-9.89
23915500,-3.37,-1.22,-10.08
23919212,-3.14,-1.22,-9.38
23922872,-3.33,-1.10,-10.28
23926580,-3.30,-44912480,-1.06,-3.18,-8.71
44916200,-0.86,-3.37,-8.83
44919836,-1.14,-2.51,-9.65
44923472,-1.92,-1.92,-8.98
44927132,-2.12,-0.75,-8.90
44930768,-1.49,-2.90,-7.85
44934404,-1.65,-2.55,-7.88
44938036,-2.24,-2.31,-7.92
44941692,-1.29,-2.55,-7.81
44945336,-1.53,-2.08,-7.73
44948980,-1.33,-1.45,-8.12
44952628,-1.33,-1.41,-7.41
44956284,-1.29,-0.31,-7.53
44959936,-1.33,0.20,-7.57
44963552,-1.57,0.67,-7.85
44967180,-1.49,-1.02,-7.88
44970812,-1.69,0.86,-8.51
44974436,-1.92,0.12,-8.71
44978060,-1.77,0.08,-8.90
44981672,-1.73,-0.63,-9.41
44985312,-1.37,-0.75,-9.96
44988960,-1.57,-0.86,-9.96
44992596,-1.33,-1.06,-10.90
44996284,-1.18,-0.98,-9.89
44999928,-1.49,-0.59,-10.36
45003628,-0.90,-1.06,-10.63
45007320,-0.82,-1.18,-10.20
45011020,-0.82,-1.57,-10.59
45014720,-0.82,-1.41,-10.12
45018420,-0.75,-1.77,-10.28
45022136,-0.59,-1.96,-10.16
45025832,-0.63,-2.00,-9.96
45029448,-0.39,-1.65,-9.61
45033080,-0.47,-1.41,-9.61
45036724,-0.39,-1.37,-9.85
45040368,-0.31,-1.29,-9.89
45044012,-0.31,-1.29,-9.92
45047648,-0.39,-1.18,-9.65
45051300,-0.31,-0.82,-9.65
45054940,-0.27,-0.59,-9.81
45058572,-0.04,-0.51,-9.61
45062200,-0.08,0.27,-9.77
45065816,-0.04,0.86,-9.69
45069412,0.08,0.86,-9.53
45073004,0.08,1.37,-9.38
45076608,0.04,1.84,-9.45
45080192,0.08,1.88,-9.89
45083808,0.04,2.28,-9.41
45087384,0.00,2.20,-9.92
45090968,0.00,1.84,-9.81
45094552,-0.12,2.28,-10.12
45098240,-0.24,1.77,-10.59
45101924,0.31,1.61,-10.51
45105596,0.35,1.49,-10.32
45109280,-0.04,0.98,-11.22
45112956,-0.04,0.47,-11.02
45116624,-0.12,0.08,-11.26
45120296,-0.08,-0.55,-11.30
45123984,0.24,-0.75,-11.77
45127660,-0.08,-0.59,-10.94
45131356,0.04,-0.86,-10.79
45135028,0.27,-0.51,-11.38
45138716,-0.12,-0.59,-11.06
45142404,-0.04,-0.63,-10.71
45146100,-0.20,-0.16,-10.75
45149804,-0.20,-0.12,-10.87
45153496,-0.35,0.16,-10.43
45157172,-0.55,0.43,-9.65
45160800,-0.63,1.06,-10.79
45164472,-0.63,1.18,-10.63
45168156,-0.71,1.10,-10.47
45171844,-0.78,1.49,-10.83
45175520,0.27,1.77,-11.18
45179180,-1.53,2.24,-11.53
45182872,-1.02,2.63,-10.63
45186552,-1.45,2.35,-11.18
45190236,-1.53,1.49,-10.87
45193924,-1.45,0.98,-12.20
45197592,-1.22,0.55,-12.08
45201280,-1.26,0.20,-11.96
45204976,-1.33,0.35,-11.69
45208656,-1.41,0.16,-11.73
45212340,-1.18,-0.08,-11.57
45216032,-1.37,0.20,-11.45
45219716,-1.37,0.16,-11.26
45223408,-1.37,0.20,-11.49
45227084,-1.57,0.16,-10.75
45230772,-1.41,-0.04,-10.47
45234448,-1.65,-0.35,-10.79
45238148,-1.61,-0.78,-11.06
45241852,-1.49,-1.57,-10.63
45245548,-1.45,-1.84,-10.51
45249248,-1.29,-1.92,-10.55
45252964,-1.26,-1.69,-10.24
45256660,-1.18,-1.41,-10.51
45260376,-1.10,-1.14,-10.20
45264072,-0.90,-0.55,-10.63
45267772,-0.75,-0.24,-10.32
45271468,-0.67,0.35,-10.47
45275144,-0.59,0.55,-10.43
45278824,-0.67,1.06,-10.63
45282484,0.00,1.53,-9.18
45286072,0.94,2.24,-8.75
45289688,-0.39,2.51,-9.77
45293308,-0.27,2.79,-10.51
45297004,-0.16,2.59,-11.02
45300692,-0.39,2.39,-10.79
45304388,-0.35,1.96,-10.79
45308068,-0.24,1.57,-9.65
45311704,-0.16,1.84,-11.02
45315376,0.00,1.45,-10.51
45319012,0.00,1.73,-10.16
45322660,0.16,1.26,-9.61
45326272,0.27,1.61,-9.69
45329880,0.04,1.26,-9.02
45333468,0.27,1.61,-8.79
45337080,0.39,1.61,-8.55
45340708,0.43,1.92,-8.75
45344320,0.47,1.96,-8.90
45347920,0.39,1.96,-8.98
45351512,0.55,2.47,-9.34
45355124,0.51,2.39,-9.18
45358720,0.59,2.63,-9.69
45362344,0.59,2.51,-9.57
45365948,0.59,2.08,-8.98
45369540,0.63,1.84,-8.90
45373144,0.78,1.77,-9.45
45376744,0.71,1.80,-8.98
45380352,0.63,1.53,-8.75
45383964,0.59,0.75,-9.18
45387560,0.51,1.14,-9.53
45391168,0.90,0.86,-9.65
45394764,0.67,0.27,-9.49
45398376,0.63,0.55,-10.04
45402032,0.71,-0.27,-9.89
45405660,0.67,-0.24,-10.51
45409348,0.75,-0.31,-10.00
45413012,0.67,-0.24,-10.24
45416704,0.59,0.16,-10.71
45420376,0.43,0.27,-10.75
45424044,0.35,0.24,-11.65
45427712,0.31,0.24,-11.45
45431392,0.20,0.24,-11.77
45435060,-0.04,0.35,-11.65
45438728,-0.16,0.67,-11.69
45442416,-0.20,0.63,-12.12
45446096,-0.31,0.98,-11.53
45449780,-0.31,1.41,-10.79
45453460,-0.51,1.33,-10.83
45457140,-0.27,1.61,-10.98
45460824,0.16,2.43,-11.49
45464500,0.12,2.71,-11.26
45468172,0.39,3.84,-11.14
45471832,0.47,4.75,-10.90
45475476,0.63,5.14,-10.00
45479128,0.90,4.90,-9.49
45482712,1.14,5.49,-9.61
45486328,1.18,5.69,-9.45
45489944,1.26,4.94,-8.39
45493552,1.45,4.28,-8.90
45497152,1.65,4.00,-7.96
45500756,1.77,3.45,-7.92
45504364,1.96,2.71,-7.81
45507972,1.77,2.00,-7.06
45511576,1.88,0.78,-6.98
45515172,1.69,0.59,-7.49
45518784,1.96,-0.39,-7.65
45522404,1.84,-0.86,-7.53
45526024,2.82,-2.00,-6.75
45529628,2.00,-1.26,-8.94
45533248,2.08,-1.06,-8.55
45536860,2.35,-1.14,-8.43
45540492,2.39,-0.90,-8.16
45544116,2.28,-0.67,-7.61
45547744,2.35,-0.47,-8.00
45551360,2.39,-0.12,-8.20
45554976,2.47,0.20,-7.69
45558580,2.43,0.75,-7.53
45562184,2.39,1.29,-7.61
45565796,2.24,1.77,-8.08
45569396,1.96,2.16,-7.45
45573004,2.00,2.75,-8.32
45576604,1.69,2.82,-8.36
45580212,1.57,3.10,-7.96
45583812,1.57,3.06,-8.59
45587404,1.45,3.02,-8.87
45591016,1.49,2.90,-8.94
45594612,1.65,3.49,-9.30
45598212,1.65,3.53,-9.65
45601824,1.73,3.45,-9.77
45605412,1.69,2.79,-9.18
45609020,1.65,2.63,-9.53
45612632,1.49,2.24,-8.87
45616260,1.41,1.69,-8.32
45619860,1.29,1.14,-8.00
45623464,1.26,0.75,-7.57
45627072,1.18,0.27,-7.22
45630672,1.14,0.00,-7.57
45634272,1.49,-0.16,-8.12
45637900,1.33,-0.08,-8.55
45641512,1.37,-0.08,-8.67
45645124,1.33,0.08,-8.87
45648724,1.49,0.39,-9.92
45652340,1.41,0.94,-10.24
45656004,1.45,1.65,-10.36
45659680,1.18,2.00,-10.47
45663348,1.06,2.24,-10.83
45667016,0.86,2.86,-11.57
45670692,0.59,2.55,-12.00
45674356,0.35,2.59,-12.63
45678024,0.12,2.04,-12.28
45681696,0.27,1.73,-12.32
45685372,-0.20,1.69,-11.65
45689048,-0.12,1.69,-11.77
45692716,0.00,1.73,-10.90
45696376,-0.04,1.77,-10.79
45700048,0.12,1.57,-10.79
45703712,0.27,1.84,-10.79
45707372,0.47,1.69,-9.96
45710968,0.78,1.69,-9.69
45714576,0.90,1.45,-10.08
45718220,1.18,1.02,-9.73
45721824,1.33,1.22,-9.30
45725420,1.29,0.98,-9.73
45729016,1.49,0.82,-9.41
45732624,1.53,0.47,-9.65
45736236,1.49,0.43,-9.10
45739832,1.45,0.24,-8.79
45743416,1.37,0.00,-8.90
45747004,1.22,0.12,-8.59
45750612,1.33,0.24,-8.90
45754220,0.94,0.35,-9.22
45757820,1.02,0.47,-9.41
45761408,0.55,0.55,-9.34
45765008,0.31,1.14,-9.41
45768628,0.04,1.41,-10.00
45772284,-0.16,1.88,-10.08
45775952,-0.51,2.28,-9.77
45779576,-0.63,2.71,-9.92
45783208,-0.55,2.75,-10.08
45786892,-0.67,2.71,-10.67
45790584,-0.71,2.71,-10.55
45794268,-0.82,2.28,-10.87
45797956,-0.98,2.04,-11.26
45801640,-1.26,1.18,-11.89
45805336,-1.29,0.71,-12.51
45809016,-1.18,0.27,-12.51
45812700,-1.37,0.04,-13.30
45816376,-1.33,-0.04,-13.49
45820068,-1.26,-0.51,-13.53
45823776,-1.29,-0.94,-13.49
45827464,-1.37,-2.20,-12.83
45831164,-1.26,-2.35,-12.47
45834876,-1.49,-2.75,-12.83
45838572,-1.29,-2.90,-12.75
45842264,-1.33,-2.71,-12.16
45845968,-1.33,-2.51,-11.38
45849676,-1.29,-2.16,-11.49
45853376,-1.26,-2.16,-10.75
45857092,-1.10,-1.45,-10.90
45860792,-1.14,-0.55,-10.75
45864476,-1.22,0.00,-10.36
45868144,-0.98,0.55,-10.32
45871820,-0.90,1.14,-10.43
45875496,-0.90,1.80,-10.08
45879160,-0.75,2.31,-10.16
45882848,-0.55,2.67,-10.32
45886528,-0.51,2.90,-9.96
45890144,-0.51,2.82,-10.12
45893828,-0.63,2.55,-9.77
45897456,-0.67,2.08,-9.34
45901084,-0.71,1.65,-9.57
45904704,-0.82,1.29,-8.79
45908336,-1.02,1.14,-8.79
45911976,-0.90,0.12,-8.24
45915588,-1.02,-0.04,-8.24
45919208,-1.22,-0.20,-8.67
45922840,-1.06,-0.35,-8.90
45926464,-1.06,-0.04,-8.79
45930092,-1.26,0.43,-8.83
45933724,-1.02,1.10,-10.20
45937388,-0.98,1.53,-10.36
45941072,-0.86,2.08,-11.22
45944768,-0.78,2.31,-11.14
45948460,-0.71,2.39,-11.57
45952152,-0.39,2.71,-11.77
45955832,-0.27,2.47,-11.73
45959524,-0.12,2.90,-11.18
45963192,0.00,2.86,-11.02
45966828,0.00,2.16,-10.43
45970484,0.12,1.84,-9.57
45974100,0.04,1.26,-9.53
45977700,0.08,0.55,-9.53
45981304,0.35,0.08,-9.77
45984908,0.51,-0.20,-9.34
45988512,0.55,-0.59,-8.94
45992128,0.63,-0.67,-8.75
45995756,0.78,-0.75,-9.18
45999372,0.98,-0.71,-9.10
46002984,1.02,-0.78,-9.41
46006596,1.14,-0.27,-9.92
46010220,1.06,0.27,-9.85
46013820,1.02,-0.08,-9.41
46017420,1.06,-0.24,-9.49
46021040,1.61,0.16,-10.87
46024716,1.33,0.16,-10.67
46028384,1.41,-0.04,-10.90
46032060,1.29,0.31,-11.18
46035736,1.06,0.08,-10.75
46039384,1.26,0.04,-10.40
46043036,1.14,0.00,-10.87
46046684,1.14,0.00,-10.16
46050348,1.10,-0.08,-10.94
46054012,1.02,0.08,-10.24
46057680,0.94,0.39,-10.16
46061340,0.98,0.39,-9.73
46064940,0.98,0.35,-9.92
46068536,1.06,1.06,-10.83
46072200,0.94,1.10,-10.51
46075856,0.71,1.57,-10.59
46079524,0.67,1.06,-10.36
46083192,0.51,1.33,-10.20
46086856,0.39,0.86,-10.55
46090508,0.59,0.86,-10.32
46094160,0.59,0.27,-10.67
46097816,0.47,-0.27,-10.51
46101492,0.51,-0.90,-10.51
46105168,0.51,-1.80,-10.08
46108844,0.47,-1.65,-10.59
46112524,0.35,-2.39,-10.08
46116200,0.43,-2.39,-10.00
46119872,0.35,-2.24,-10.00
46123544,0.27,-2.16,-10.08
46127236,0.31,-2.08,-9.96
46130840,0.39,-1.73,-9.89
46134464,0.35,-1.45,-10.12
46138144,0.51,-0.94,-9.81
46141768,0.59,-0.63,-9.81
46145376,0.55,-0.24,-9.69
46149000,0.47,0.04,-9.45
46152604,0.47,0.31,-9.30
46156192,0.27,0.55,-9.77
46159800,0.20,0.75,-9.53
46163392,0.16,0.63,-9.49
46166996,0.16,0.86,-9.41
46170608,0.20,0.67,-9.77
46174204,0.08,0.71,-9.81
46177804,0.04,0.78,-9.81
46181396,0.04,0.90,-9.89
46184972,0.00,0.90,-10.36
46188600,0.00,0.51,-10.28
46192256,0.08,0.47,-10.40
46195912,0.08,0.55,-11.26
46199572,0.16,0.16,-11.10
46203240,0.00,-0.12,-11.10
46206904,-0.08,-0.59,-10.94
46210588,-0.20,-0.90,-11.77
46214272,-0.24,-1.37,-11.10
46217968,-0.31,-1.80,-11.38
46221676,-0.27,-1.92,-11.53
46225372,-0.39,-2.28,-11.06
46229084,-0.39,-2.16,-11.18
46232780,-0.27,-2.04,-11.26
46236472,-0.31,-2.24,-10.98
46240164,-0.27,-2.20,-10.94
46243876,-0.20,-2.16,-10.87
46247560,-0.12,-2.20,-10.55
46251260,-0.12,-1.80,-10.47
46254948,-0.16,-1.45,-10.00
46258612,0.00,-1.29,-9.69
46262232,-0.08,-0.78,-9.85
46265840,0.00,-0.47,-9.92
46269452,0.08,-0.04,-9.65
46273048,0.12,-0.12,-9.61
46276668,0.08,-0.08,-9.89
46280276,0.12,0.04,-9.81
46283880,0.20,-0.12,-9.89
46287492,0.24,-0.63,-9.61
46291116,0.27,-0.63,-9.73
46294748,0.47,-0.75,-9.77
46298360,0.47,-0.86,-9.73
46301968,0.51,-0.55,-9.34
46305596,0.47,-0.43,-9.77
46309228,0.47,-0.04,-9.85
46312836,0.24,0.04,-9.65
46316428,0.35,0.00,-9.77
46320008,0.20,0.00,-9.73
46323588,0.16,-0.27,-9.73
46327208,0.20,-0.55,-9.77
46330828,0.20,-0.71,-10.08
46334496,0.16,-1.02,-10.83
46338184,0.16,-1.37,-10.20
46341864,0.12,-1.14,-11.02
46345548,0.20,-0.82,-11.18
46349240,0.08,-1.37,-11.65
46352916,0.04,-1.53,-11.30
46356592,0.04,-1.80,-10.87
46360264,-0.16,-1.80,-11.22
46363960,0.04,-1.80,-10.98
46367632,0.04,-1.77,-11.10
46371324,0.04,-1.65,-10.71
46374984,0.00,-1.65,-10.32
46378640,0.00,-1.14,-10.79
46382304,0.00,-1.22,-10.51
46385968,-0.04,-1.41,-9.96
46389612,0.16,-0.94,-10.75
46393300,0.20,-0.94,-10.40
46396956,0.00,-1.06,-10.00
46400608,0.20,-0.94,-10.12
46404288,0.16,-0.71,-10.08
46407960,0.12,-0.59,-10.36
46411648,0.08,-0.24,-9.96
46415264,0.04,-0.12,-10.20
46418928,0.08,-0.35,-10.20
46422596,0.04,-0.08,-9.96
46426200,0.08,0.16,-10.08
46429840,0.04,0.00,-10.08
46433472,0.04,-0.20,-9.85
46437088,0.12,0.16,-10.24
46440764,0.31,-0.04,-10.16
46444440,0.35,0.08,-10.43
46448108,0.43,0.08,-10.40
46451772,0.39,0.04,-10.43
46455416,0.43,0.04,-10.55
46459076,0.27,-0.04,-9.89
46462692,0.20,-0.16,-10.16
46466372,0.16,-0.31,-10.40
46470072,0.12,0.08,-9.85
46473660,0.00,-0.31,-10.75
46477340,0.04,-0.43,-10.55
46480996,0.00,-0.08,-10.28
46484660,0.04,-0.16,-11.06
46488332,0.12,-0.35,-10.90
46492020,0.39,-0.39,-10.83
46495700,0.35,-0.35,-11.18
46499384,0.47,-0.47,-11.10
46503068,0.47,-0.75,-10.67
46506760,0.47,-0.98,-10.94
46510448,0.39,-0.90,-10.87
46514116,0.43,-1.29,-11.06
46517792,0.35,-0.98,-10.87
46521476,0.27,-1.02,-10.83
46525156,0.31,-0.90,-10.43
46528832,0.24,-0.86,-10.47
46532520,0.35,-0.27,-10.20
46536180,0.39,0.00,-10.47
46539832,0.47,0.43,-10.59
46543484,0.47,0.82,-10.67
46547136,0.51,1.18,-10.43
46550808,0.55,0.78,-10.47
46554476,0.55,1.06,-10.98
46558136,0.59,0.86,-10.67
46561804,0.94,0.16,-10.36
46565472,0.90,0.16,-10.20
46569116,1.02,-0.16,-10.36
46572796,1.02,-0.27,-10.12
46576472,1.10,-0.43,-10.04
46580136,1.02,-0.55,-9.10
46583752,0.98,-0.98,-8.71
46587368,0.98,-1.14,-8.94
46590984,1.10,-1.61,-8.24
46594600,1.33,-1.96,-8.43
46598224,1.45,-2.39,-8.39
46601852,1.53,-2.39,-8.28
46605484,1.37,-3.41,-8.28
46609112,1.33,-3.57,-8.36
46612752,1.29,-3.26,-8.90
46616360,1.22,-3.26,-9.18
46619988,1.14,-2.75,-9.10
46623616,1.18,-2.51,-9.41
46627244,1.06,-1.73,-10.08
46630924,1.77,-0.94,-9.96
46634540,1.06,0.51,-10.55
46638220,1.41,0.78,-10.75
46641892,1.53,1.80,-11.34
46645560,-0.82,3.30,-11.26
46649240,1.41,2.94,-11.57
46652916,1.29,3.45,-11.73
46656580,1.33,3.33,-11.65
46660244,1.14,3.26,-11.38
46663916,1.10,3.65,-11.73
46667580,1.06,3.41,-11.96
46671240,0.71,3.06,-11.89
46674912,0.78,2.86,-11.06
46678572,0.04,2.75,-10.67
46682240,0.12,1.96,-11.45
46685908,-0.43,1.14,-10.63
46689600,-0.94,0.35,-10.28
46693296,-0.86,-0.39,-10.20
46696976,-1.06,0.08,-9.89
46700584,-1.06,-2.67,-8.83
46704228,-1.26,-1.96,-8.90
46707876,-1.10,-1.73,-8.67
46711516,-1.06,-1.84,-8.43
46715148,-0.98,-1.10,-9.30
46718780,-0.71,-0.67,-9.18
46722424,-0.82,-0.08,-9.14
46726068,-0.31,1.02,-8.87
46729688,-0.43,1.69,-8.83
46733332,-0.31,2.63,-9.38
46736960,-0.20,3.22,-9.57
46740576,-0.24,3.73,-9.92
46744208,-0.12,4.16,-10.20
46747888,-0.35,4.39,-10.16
46751564,-0.55,4.67,-10.40
46755244,-0.78,3.92,-10.55
46758924,-1.02,3.73,-10.83
46762600,-1.10,2.16,-11.22
46766296,-0.20,3.37,-11.06
46769968,-1.57,2.55,-12.20
46773648,-0.94,2.12,-12.83
46777332,-0.94,2.31,-12.55
46781020,-1.14,2.04,-12.59
46784704,-1.65,1.57,-12.36
46788380,-1.61,1.26,-11.53
46792068,-1.92,1.10,-11.38
46795748,-1.49,0.67,-13.30
46799432,-1.84,0.94,-12.51
46803116,-1.22,1.26,-12.04
46806804,-0.20,1.96,-11.53
46810488,-0.08,2.51,-11.22
46814148,0.00,3.02,-10.79
46817780,0.00,3.45,-10.63
46821428,0.12,3.69,-10.00
46825076,0.12,3.57,-9.92
46828700,-0.04,3.14,-9.92
46832312,-0.20,2.47,-9.92
46835928,-0.12,1.41,-10.00
46839592,-0.31,0.55,-9.96
46843224,-0.20,0.51,-10.20
46846908,-0.31,-0.08,-10.63
46850596,-0.63,-0.59,-10.43
46854304,-0.55,-0.24,-10.79
46858004,-0.39,-0.08,-10.43
46861700,-0.12,0.39,-11.26
46865356,-0.16,0.00,-10.90
46869020,-0.08,0.16,-10.79
46872700,0.04,-0.12,-10.79
46876360,0.04,0.27,-10.55
46880004,0.12,0.51,-9.89
46883616,0.27,0.67,-10.28
46887284,0.51,0.59,-9.49
46890892,0.47,0.67,-8.98
46894484,0.63,0.51,-8.59
46898096,0.51,0.59,-8.83
46901708,0.47,0.31,-8.94
46905308,0.47,0.27,-8.51
46908920,0.27,-0.04,-9.02
46912520,0.00,-0.20,-9.10
46916100,0.08,-0.55,-9.69
46919724,-0.24,-0.63,-9.96
46923356,-0.31,-0.43,-10.16
46927060,-0.35,-0.08,-10.47
46930748,-0.47,0.20,-10.43
46934420,-0.39,0.67,-10.28
46938096,-0.24,1.57,-10.59
46941788,-0.12,2.31,-10.83
46945476,0.04,2.94,-10.51
46949116,0.00,3.84,-9.92
46952712,0.20,4.79,-10.08
46956352,0.27,4.59,-9.41
46959968,0.20,4.75,-8.90
46963556,0.27,4.71,-9.34
46967164,0.16,4.28,-9.06
46970764,0.16,3.61,-9.38
46974364,0.08,2.82,-8.87
46977972,0.43,2.55,-9.81
46981572,0.27,2.55,-9.89
46985188,0.24,2.04,-9.96
46988796,0.39,1.92,-10.36
46992460,0.47,1.88,-10.87
46996120,0.39,1.77,-10.51
46999792,0.43,1.53,-10.90
47003448,0.27,1.22,-10.24
47007116,0.24,1.61,-10.16
47010784,0.04,1.53,-9.57
47014384,0.16,1.33,-9.45
47017976,0.00,1.18,-8.87
47021552,0.00,0.51,-8.55
47025148,0.12,0.35,-8.39
47028752,0.08,0.67,-8.71
47032348,0.04,0.27,-7.81
47035936,0.08,0.16,-7.73
47039540,0.04,0.27,-7.73
47043140,0.04,0.63,-8.24
47046736,0.24,1.10,-8.28
47050340,0.04,1.57,-7.85
47053940,0.04,1.65,-7.92
47057532,0.20,1.80,-8.43
47061132,0.20,2.31,-8.83
47064724,0.00,2.51,-9.85
47068312,-0.04,2.59,-9.18
47071904,0.00,2.67,-9.49
47075504,0.16,2.55,-10.87
47079172,0.24,2.59,-10.83
47082852,0.27,2.43,-11.22
47086520,0.31,2.00,-10.94
47090180,0.16,1.92,-11.26
47093852,0.27,1.84,-11.06
47097504,0.20,1.77,-11.02
47101164,0.04,1.88,-10.47
47104808,0.00,2.24,-10.71
47108452,0.00,1.92,-10.08
47112076,0.00,2.00,-9.92
47115652,-0.04,2.08,-9.73
47119280,-0.04,2.20,-9.73
47122892,-0.16,2.12,-9.65
47126520,0.16,2.08,-9.41
47130120,0.24,1.73,-9.57
47133740,0.20,1.14,-10.04
47137392,0.27,0.78,-10.12
47141052,0.39,0.63,-9.49
47144648,0.71,0.67,-9.96
47148256,0.86,0.55,-9.57
47151860,0.75,0.55,-9.81
47155472,0.78,0.75,-9.57
47159072,0.63,1.18,-9.57
47162684,0.86,2.00,-9.85
47166280,0.67,2.51,-10.08
47169940,0.78,2.71,-9.61
47173556,0.75,2.94,-9.30
47177164,0.78,2.79,-9.57
47180764,0.55,2.79,-9.73
47184376,0.39,2.43,-9.61
47187992,0.39,2.39,-10.00
47191640,0.27,2.24,-9.30
47195252,0.20,1.88,-9.92
47198848,0.31,2.35,-9.77
47202464,0.20,2.51,-10.08
47206120,0.08,2.94,-10.47
47209776,0.16,3.45,-10.71
47213444,0.08,3.53,-10.63
47217100,-0.12,3.73,-11.30
47220780,-0.16,3.61,-11.06
47224452,-0.16,2.90,-11.45
47228128,-0.20,2.55,-11.61
47231804,-0.16,1.61,-12.00
47235484,-0.12,0.43,-11.22
47239164,-0.27,0.75,-12.04
47242848,-0.08,0.86,-11.81
47246520,-0.27,0.98,-10.59
47250204,-0.31,0.98,-11.69
47253884,-0.20,0.86,-11.41
47257556,-0.04,0.59,-10.55
47261224,-0.08,1.22,-10.98
47264900,0.31,2.08,-10.71
47268556,-0.51,4.24,-9.81
47272192,-0.71,3.61,-10.08
47275880,-1.88,4.67,-10.59
47279556,-1.06,4.20,-11.73
47283244,0.51,1.65,-11.06
47286908,-0.04,-0.78,-10.36
47290600,-0.27,-1.14,-10.71
47294304,-0.82,-1.06,-11.34
47297992,-0.51,-1.14,-11.49
47301696,-0.24,-1.18,-10.83
47305400,-0.04,-1.33,-10.63
47309096,-0.12,-0.82,-10.12
47312796,-0.43,-0.31,-10.04
47316480,-0.47,0.59,-9.85
47320104,0.08,1.65,-9.69
47323708,0.04,2.08,-10.16
47327356,0.39,2.31,-9.92
47330960,0.08,2.47,-10.12
47334620,0.24,2.43,-9.92
47338232,0.24,2.63,-9.61
47341848,0.43,2.39,-8.90
47345448,0.59,2.12,-10.24
47349108,1.02,1.49,-9.85
47352724,0.78,1.18,-9.30
47356320,0.94,1.26,-9.14
47359928,1.26,0.75,-8.51
47363556,0.98,0.75,-8.32
47367164,0.90,0.51,-8.67
47370760,1.10,0.63,-11.77
47374424,-0.20,-0.63,-9.02
47378048,2.28,0.43,-10.83
47381716,1.61,1.41,-8.47
47385316,1.49,2.28,-8.90
47388920,0.63,2.39,-9.30
47392520,0.39,2.20,-9.02
47396124,0.43,2.67,-9.34
47399732,0.08,3.10,-9.89
47403320,0.08,3.26,-10.32
47406968,0.00,3.57,-10.20
47410608,0.00,4.04,-10.32
47414264,-0.20,4.12,-10.47
47417952,-0.20,4.28,-10.20
47421628,-0.20,3.73,-10.47
47425304,-0.24,4.00,-11.02
47428984,-0.20,3.45,-11.18
47432660,-0.67,2.79,-11.45
47436340,-0.51,1.80,-11.53
47440036,-0.75,1.57,-11.92
47443720,-0.78,1.06,-12.32
47447408,-0.71,0.67,-12.40
47451084,-0.67,0.71,-12.43
47454764,-0.55,0.55,-12.63
47458448,-0.51,0.75,-12.75
47462124,-0.59,0.63,-12.59
47465804,-0.67,1.10,-12.36
47469496,-0.67,1.80,-12.59
47473184,-0.82,1.96,-12.59
47476872,-0.86,2.28,-12.24
47480556,-0.82,2.63,-12.67
47484260,-0.63,2.71,-11.89
47487940,-0.59,2.59,-10.90
47491612,-0.59,2.51,-11.41
47495300,-0.51,1.77,-10.79
47498984,-0.47,2.16,-10.79
47502676,-0.47,1.65,-10.59
47506360,-0.35,1.18,-10.63
47510040,-0.27,1.14,-10.67
47513740,-0.24,0.75,-10.87
47517416,-0.08,0.55,-10.90
47521076,0.04,0.55,-10.90
47524724,0.16,0.71,-10.75
47528376,0.27,1.06,-11.38
47532040,0.59,1.02,-10.28
47535708,0.59,1.33,-10.40
47539372,1.06,1.61,-9.53
47542972,0.82,1.73,-8.67
47546576,1.06,1.69,-9.10
47550184,1.06,1.80,-8.51
47553780,1.26,2.04,-7.85
47557388,1.33,2.39,-7.53
47561000,1.41,2.59,-7.18
47564608,1.57,3.26,-6.98
47568212,1.53,3.37,-7.06
47571824,1.65,3.69,-6.79
47575428,1.61,3.84,-6.94
47579048,1.57,3.49,-7.10
47582648,1.37,3.02,-7.57
47586256,1.53,2.67,-8.39
47589872,1.22,2.24,-8.20
47593488,1.18,2.12,-9.65
47597092,1.02,1.77,-9.73
47600708,1.22,1.77,-9.53
47604320,0.47,1.18,-9.77
47607932,0.47,1.02,-9.69
47611524,0.27,0.90,-9.69
47615128,0.16,0.63,-9.49
47618728,0.08,0.55,-10.28
47622384,0.04,0.55,-10.63
47626040,0.08,0.67,-10.87
47629700,0.04,0.71,-10.83
47633352,0.04,1.02,-11.14
47637012,-0.08,1.26,-11.85
47640708,-0.24,1.84,-11.53
47644388,-0.04,2.08,-11.57
47648044,0.00,2.00,-11.61
47651676,0.00,2.63,-11.73
47655320,0.75,2.63,-12.08
47658980,-0.20,3.61,-10.43
47662672,-0.20,3.57,-11.73
47666348,0.24,3.14,-11.89
47670020,-0.35,2.75,-11.22
47673716,-0.12,2.75,-11.26
47677396,0.04,2.90,-10.98
47681048,0.12,2.79,-10.94
47684716,0.08,2.82,-10.67
47688356,0.31,2.51,-10.24
47692028,0.43,2.47,-10.63
47695696,0.51,2.39,-10.28
47699352,0.63,2.31,-10.40
47703024,0.59,2.20,-10.55
47706696,0.55,2.31,-9.96
47710292,0.63,2.00,-10.47
47713936,0.59,2.35,-9.96
47717548,0.71,2.71,-10.32
47721228,0.67,2.35,-9.65
47724844,0.75,2.51,-10.16
47728508,0.71,2.82,-10.08
47732184,0.78,2.51,-10.04
47735856,0.78,2.47,-10.59
47739516,0.71,2.47,-10.20
47743176,0.86,2.08,-11.02
47746836,0.82,2.08,-10.55
47750504,1.06,2.20,-10.08
47754172,0.94,2.35,-10.36
47757840,0.90,2.39,-9.96
47761436,0.82,2.28,-9.73
47765044,0.94,2.16,-9.69
47768656,0.78,2.43,-9.41
47772268,0.75,2.35,-9.34
47775884,0.67,2.31,-9.30
47779484,0.75,2.43,-9.34
47783092,0.71,2.71,-9.65
47786704,0.55,2.55,-9.65
47790304,0.43,2.24,-9.34
47793916,0.39,2.28,-9.26
47797532,0.35,2.31,-9.65
47801148,0.31,2.35,-10.12
47804820,0.20,2.04,-9.89
47808428,0.31,2.04,-9.77
47812032,0.24,1.96,-9.61
47815640,0.12,1.73,-10.51
47819308,0.12,1.88,-9.85
47822920,0.12,1.80,-10.12
47826584,0.16,1.88,-10.00
47830244,0.08,2.04,-9.73
47833848,0.20,2.08,-10.16
47837504,0.04,1.96,-9.69
47841100,0.16,2.28,-9.85
47844720,0.24,2.04,-9.69
47848312,0.16,1.69,-9.92
47851920,0.20,1.73,-9.77
47855532,0.16,1.77,-9.77
47859160,0.24,1.65,-10.04
47862832,0.24,1.06,-10.04
47866488,0.51,0.98,-10.55
47870156,0.55,1.06,-10.16
47873832,0.67,0.90,-10.55
47877488,0.63,0.82,-9.69
47881088,0.71,0.98,-9.53
47884696,0.67,1.41,-9.49
47888304,0.94,1.65,-9.18
47891912,0.90,2.20,-9.02
47895500,0.86,2.67,-8.87
47899116,0.94,3.10,-8.67
47902708,0.86,3.41,-8.55
47906300,0.90,3.33,-8.39
47909904,0.82,3.30,-8.36
47913504,0.86,2.98,-8.12
47917112,0.75,2.55,-8.39
47920716,0.78,2.43,-8.90
47924308,0.78,2.16,-8.90
47927912,0.82,1.96,-9.41
47931524,0.63,1.96,-9.53
47935120,0.63,1.53,-9.61
47938736,0.39,1.65,-9.73
47942328,0.43,1.06,-9.65
47945924,0.27,0.86,-9.45
47949528,0.35,0.98,-9.34
47953132,0.24,1.14,-10.43
47956804,0.24,1.26,-10.24
47960476,0.04,0.98,-10.20
47964124,0.04,1.18,-10.83
47967768,0.00,1.29,-10.12
47971404,0.00,1.29,-10.79
47975032,0.00,1.49,-10.32
47978696,0.04,1.65,-10.63
47982344,-0.04,1.80,-10.79
47986024,-0.08,2.31,-11.06
47989696,0.00,2.00,-11.06
47993320,0.00,2.24,-11.41
47996976,0.16,2.08,-11.18
48000644,0.12,1.96,-10.87
48004300,0.20,2.16,-11.18
48007968,0.16,2.20,-11.18
48011632,0.27,2.24,-10.87
48015300,0.24,2.47,-10.28
48018960,0.27,2.67,-10.32
48022628,0.31,2.75,-10.43
48026288,0.35,2.82,-10.16
48029956,0.43,2.43,-10.40
48033616,0.51,2.31,-10.16
48037284,0.51,2.24,-10.24
48040956,0.39,1.84,-10.08
48044624,0.31,1.80,-10.24
48048288,0.35,1.53,-10.28
48051956,0.43,1.65,-10.43
48055624,0.31,1.49,-10.79
48059300,0.31,1.49,-10.75
48062972,0.47,1.18,-10.55
48066644,0.43,1.41,-10.51
48070300,0.35,1.80,-10.63
48073960,0.16,1.69,-10.12
48077628,0.24,1.92,-10.67
48081296,0.08,1.80,-10.63
48084932,0.00,2.31,-10.83
48088588,0.04,1.69,-10.12
48092252,0.04,1.73,-10.16
48095908,-0.12,1.57,-10.24
48099592,-0.12,1.53,-10.12
48103272,-0.08,1.69,-10.16
48106932,0.00,1.33,-9.65
48110524,0.12,1.26,-9.96
48114144,0.27,1.06,-10.43
48117816,0.24,0.71,-10.12
48121484,0.20,0.78,-10.28
48125148,0.31,0.67,-10.32
48128820,0.27,1.02,-9.96
48132420,0.43,1.49,-10.04
48136076,0.47,1.14,-9.69
48139684,0.35,1.02,-9.41
48143284,0.47,1.41,-9.49
48146880,0.51,1.80,-9.69
48150476,0.55,1.84,-9.69
48154084,0.55,1.92,-9.77
48157692,0.47,2.16,-9.53
48161292,0.43,2.20,-9.96
48164896,0.51,2.31,-9.49
48168492,0.51,2.24,-9.61
48172104,0.55,2.20,-10.71
48175756,0.59,2.35,-10.43
48179412,0.71,2.47,-10.00
48183064,0.59,2.47,-11.14
48186736,0.51,2.59,-11.02
48190396,0.35,2.16,-10.55
48194064,0.31,2.12,-10.51
48197732,0.35,1.92,-10.32
48201396,0.35,1.77,-10.24
48205064,0.20,1.84,-10.12
48208724,0.43,2.08,-10.79
48212380,0.31,1.92,-10.87
48216048,0.43,2.12,-10.16
48219728,0.24,1.96,-10.43
48223400,0.16,1.84,-10.79
48227068,0.24,1.80,-10.28
48230728,0.20,2.04,-10.63
48234392,0.12,1.96,-10.20
48238064,0.16,1.77,-10.67
48241736,0.16,1.73,-10.32
48245388,0.00,1.57,-10.28
48249040,-0.04,1.45,-10.67
48252712,0.20,1.53,-10.16
48256376,0.04,1.88,-10.47
48260032,0.16,1.61,-10.59
48263696,0.39,1.49,-9.85
48267300,0.31,1.41,-9.96
48270912,0.39,1.33,-9.41
48274516,0.43,1.26,-9.53
48278128,0.31,1.14,-9.10
48281736,0.31,1.06,-9.65
48285324,0.20,1.29,-9.92
48288924,0.24,1.22,-9.49
48292528,0.35,1.29,-9.53
48296140,0.31,1.02,-9.65
48299736,0.27,1.45,-9.92
48303332,0.43,1.26,-9.73
48306944,0.47,1.65,-9.41
48310560,0.59,1.96,-9.18
48314164,0.67,1.69,-9.53
48317780,0.75,1.57,-9.49
48321388,0.75,1.80,-9.65
48324996,0.90,2.04,-9.96
48328584,0.82,2.12,-9.85
48332200,0.78,2.20,-9.57
48335808,0.67,2.47,-9.53
48339412,0.51,2.59,-9.69
48343020,0.71,2.90,-9.57
48346632,0.90,2.98,-9.92
48350240,0.75,3.22,-10.08
48353900,0.67,3.41,-9.77
48357516,0.71,3.33,-10.08
48361172,0.59,2.94,-9.96
48364784,0.67,2.67,-10.08
48368444,0.55,2.24,-9.96
48372056,0.59,2.24,-10.28
48375728,0.55,2.04,-10.36
48379388,0.51,1.96,-10.00
48383036,0.51,1.80,-10.55
48386688,0.51,1.77,-10.51
48390360,0.43,1.26,-10.36
48394028,0.27,1.41,-10.59
48397692,0.47,1.37,-10.43
48401360,0.43,1.29,-10.16
48405024,0.55,1.65,-10.63
48408692,0.47,2.00,-10.79
48412332,0.51,1.96,-10.36
48415996,0.55,1.96,-10.47
48419672,0.47,2.63,-9.61
48423276,-0.98,0.71,-9.45
48426900,0.04,-0.04,-9.30
48430500,-0.31,0.31,-9.92
48434128,-0.39,0.82,-9.85
48437772,-0.43,0.04,-9.65
48441388,-0.71,-0.16,-9.89
48445032,-0.55,-0.08,-10.36
48448720,-0.63,-0.24,-10.24
48452416,-1.10,0.39,-10.94
48456092,-1.18,0.27,-10.75
48459784,-0.90,-0.55,-10.43
48463464,-0.98,-1.10,-10.00
48467144,-0.51,-1.10,-10.87
48470840,-1.18,-1.45,-10.51
48474556,-0.71,-1.53,-11.10
48478264,-0.59,-1.57,-11.49
48481948,-0.55,-1.37,-11.69
48485652,-0.94,-1.45,-11.61
48489344,-0.67,-1.73,-8.63
48492992,-0.24,-2.16,-15.85
48496700,-0.31,-0.24,-10.75
48500388,0.24,0.51,-11.45
48504044,-0.27,1.49,-12.55
48507716,1.92,1.73,-12.12
48511388,-0.08,3.77,-9.73
48515008,0.94,3.69,-10.08
48518668,1.10,5.02,-9.53
48522264,1.41,6.71,-9.81
48525868,1.73,7.69,-10.55
48529552,1.57,8.36,-10.43
48533232,1.45,8.51,-10.59
48536900,1.26,8.24,-10.98
48540568,1.02,7.18,-10.87
48544248,0.94,5.92,-10.24
48547900,1.06,4.71,-9.61
48551504,1.14,4.20,-8.87
48555120,1.18,3.73,-8.04
48558724,0.94,2.98,-7.06
48562320,0.94,2.20,-6.32
48565916,0.82,1.53,-6.43
48569536,0.51,0.43,-6.86
48573144,0.47,-0.59,-6.59
48576764,0.16,-0.63,-6.59
48580384,0.04,-0.55,-7.41
48583984,0.00,-0.08,-8.08
48587568,0.00,-0.16,-7.85
48591168,0.12,0.51,-9.38
48594780,-0.20,0.71,-9.69
48598396,-0.20,1.37,-10.47
48602072,-0.24,1.96,-10.04
48605768,-0.43,2.24,-11.26
48609460,-0.43,2.43,-12.24
48613144,-0.67,2.94,-11.18
48616828,-0.86,1.37,-11.81
48620516,-0.63,0.94,-12.24
48624204,-0.59,0.39,-12.08
48627880,-0.71,0.47,-12.43
48631568,-1.10,0.39,-12.87
48635256,-0.63,0.55,-13.89
48638936,-1.18,-0.35,-14.79
48642648,-1.33,-1.06,-14.67
48646340,-1.53,-1.53,-14.91
48650044,-1.69,-1.18,-14.08
48653740,-1.61,0.04,-13.57
48657416,-1.45,0.75,-11.96
48661100,-1.14,1.84,-10.75
48664788,-0.90,2.43,-10.24
48668468,-0.35,3.37,-9.61
48672100,-0.16,3.22,-9.02
48675700,0.00,3.14,-8.90
48679288,0.16,2.43,-8.28
48682892,0.08,2.55,-8.75
48686492,0.31,2.28,-8.87
48690104,0.55,1.88,-8.71
48693704,0.59,1.53,-8.83
48697296,0.63,1.29,-8.16
48700916,0.51,0.94,-8.28
48704524,0.55,0.35,-8.08
48708104,0.59,0.00,-8.47
48711692,0.71,-0.08,-7.92
48715280,0.75,0.00,-7.73
48718872,0.67,0.04,-7.65
48722456,0.51,0.27,-8.59
48726064,0.31,0.71,-8.59
48729676,0.24,1.41,-9.18
48733276,0.08,2.00,-9.57
48736856,0.00,2.28,-10.12
48740516,-0.27,2.63,-10.55
48744208,-0.43,3.06,-11.14
48747892,-0.71,3.18,-12.36
48751576,-0.90,3.92,-13.10
48755244,-1.02,3.96,-12.98
48758924,-1.26,3.61,-13.10
48762616,-1.49,3.37,-13.77
48766288,-1.53,2.67,-13.18
48769980,-1.45,2.51,-13.18
48773668,-1.57,2.31,-12.79
48777360,-1.41,2.43,-12.75
48781040,-1.45,2.51,-12.12
48784728,-1.33,3.06,-11.77
48788404,-1.29,3.49,-12.08
48792080,-0.82,3.57,-11.69
48795768,-1.06,3.69,-10.63
48799448,-0.75,3.80,-11.30
48803136,-0.78,3.77,-10.71
48806832,-0.78,3.45,-10.16
48810508,-0.71,3.02,-11.06
48814188,-0.63,2.16,-11.45
48817880,-0.39,0.90,-10.55
48821556,-0.24,0.51,-10.59
48825244,-0.12,-0.12,-10.51
48828920,0.00,-0.43,-9.69
48832532,0.27,-0.20,-9.45
48836148,0.08,-0.31,-9.10
48839760,0.16,-0.24,-8.98
48843376,0.31,-0.04,-9.06
48846988,0.12,-0.47,-8.87
48850612,0.16,-0.71,-8.71
48854236,0.20,-0.43,-8.67
48857824,0.00,0.00,-8.98
48861376,0.00,0.59,-8.16
48864972,-0.04,1.33,-8.90
48868580,-0.08,1.65,-8.87
48872200,-0.08,1.77,-9.10
48875812,-0.31,1.88,-9.30
48879428,-0.39,2.24,-9.81
48883060,-0.16,2.43,-9.85
48886692,0.24,2.12,-9.41
48890288,-1.65,3.53,-10.00
48893980,-0.20,2.39,-11.06
48897660,-1.06,2.35,-11.65
48901336,-2.12,5.06,-10.55
48905016,-0.08,2.67,-12.75
48908692,0.16,2.71,-11.92
48912360,-0.27,2.71,-12.59
48916044,-0.82,5.77,-10.79
48919732,-0.35,3.45,-11.73
48923412,0.47,1.77,-12.36
48927088,0.20,1.88,-12.40
48930752,0.71,1.53,-12.28
48934424,0.71,1.29,-11.65
48938084,0.82,2.00,-10.79
48941732,1.10,2.39,-10.75
48945396,1.18,2.79,-10.12
48949068,1.02,2.79,-9.53
48952676,1.02,2.63,-9.49
48956276,0.94,2.67,-9.49
48959876,0.82,2.20,-9.22
48963492,0.75,1.57,-8.75
48967108,0.51,0.94,-8.36
48970720,0.47,0.35,-8.08
48974328,0.35,-0.04,-8.32
48977960,0.31,-0.08,-8.47
48981572,0.16,-0.39,-9.22
48985200,0.24,-0.31,-9.18
48988812,0.12,-0.27,-9.06
48992428,0.04,-0.39,-9.45
48996024,0.00,-0.35,-9.18
48999624,0.00,-0.04,-9.65
49003200,0.00,0.43,-9.69
49006788,-0.12,1.33,-9.69
49010416,-0.16,1.96,-9.69
49014044,-0.35,2.31,-10.00
49017716,-0.47,2.67,-10.51
49021404,-0.67,2.55,-10.20
49025084,-0.71,2.28,-10.87
49028772,-0.71,2.00,-10.79
49032448,-0.35,1.69,-11.02
49036124,-0.12,1.26,-10.79
49039812,-0.27,0.78,-11.26
49043496,0.04,0.51,-11.81
49047160,0.04,0.27,-11.41
49050816,0.27,0.04,-11.49
49054472,0.47,0.12,-11.06
49058128,0.51,0.39,-11.18
49061808,0.55,0.78,-10.51
49065472,0.47,0.86,-10.32
49069124,0.63,1.10,-9.49
49072732,0.51,1.33,-9.22
49076352,0.51,1.41,-8.90
49079956,0.47,1.41,-8.51
49083568,0.59,1.65,-8.55
49087180,0.59,1.77,-8.51
49090796,0.51,1.80,-8.63
49094400,0.39,2.00,-8.75
49097992,0.35,2.39,-9.22
49101604,0.27,2.04,-8.83
49105208,0.16,2.28,-9.30
49108816,0.20,1.96,-8.87
49112404,0.00,1.53,-9.18
49115996,0.08,1.69,-9.73
49119612,0.08,1.22,-9.92
49123220,0.04,0.98,-10.08
49126848,0.00,1.37,-9.69
49130424,0.00,1.49,-10.04
49134072,-0.04,0.98,-9.10
49137684,0.12,0.75,-9.73
49141276,0.04,1.10,-9.85
49144880,-0.20,1.18,-10.20
49148556,-0.43,0.90,-10.28
49152232,-0.63,0.94,-10.63
49155908,-0.27,0.78,-10.98
49159580,-0.31,0.67,-10.79
49163260,-0.31,0.63,-11.06
49166952,-0.04,0.75,-11.53
49170632,0.04,0.63,-11.14
49174272,0.16,0.51,-11.53
49177948,0.04,0.86,-11.26
49181620,0.16,0.90,-11.22
49185276,0.35,1.29,-11.49
49188948,0.24,1.65,-11.26
49192616,0.39,1.88,-10.12
49196280,0.24,2.16,-10.47
49199956,0.24,2.39,-10.00
49203616,0.35,2.55,-9.85
49207224,0.31,2.47,-10.00
49210876,0.47,2.55,-9.65
49214492,0.35,2.51,-10.12
49218168,0.47,2.75,-10.32
49221836,0.47,2.59,-10.36
49225508,0.39,2.31,-10.59
49229180,0.27,2.47,-10.75
49232844,0.16,2.43,-10.43
49236520,0.20,2.00,-10.00
49240140,0.00,1.92,-9.92
49243720,0.00,1.41,-10.04
49247368,-0.12,1.45,-10.12
49251056,-0.04,1.10,-10.04
49254716,-0.04,0.82,-9.96
49258320,-0.08,0.63,-9.96
49261924,0.00,0.55,-9.57
49265516,0.04,0.82,-9.61
49269108,0.00,1.06,-9.53
49272696,0.04,1.14,-9.57
49276288,0.04,1.77,-9.69
49279876,0.00,2.16,-9.85
49283452,0.00,2.20,-9.57
49287024,0.00,2.16,-10.12
49290660,0.00,2.51,-10.75
49294312,-0.04,2.47,-10.79
49297992,0.04,2.39,-11.14
49301660,0.04,2.31,-11.30
49305316,0.04,2.35,-11.22
49308960,0.00,2.31,-10.71
49312620,0.20,2.16,-10.36
49316280,0.24,1.84,-10.67
49319956,0.31,1.41,-10.36
49323636,0.27,1.37,-10.51
49327296,0.31,1.45,-10.12
49330960,0.39,1.53,-9.77
49334560,0.51,1.53,-9.02
49338176,0.47,2.00,-9.85
49341780,0.31,1.88,-9.22
49345388,0.24,2.08,-9.45
49348988,0.24,2.00,-9.69
49352592,0.12,2.08,-10.00
49356236,0.39,1.77,-10.08
49359888,0.00,2.12,-10.28
49363536,0.00,2.00,-10.40
49367184,0.04,2.20,-10.00
49370812,0.00,1.80,-10.16
49374456,0.08,1.49,-9.77
49378044,0.00,1.53,-10.04
49381684,0.04,1.41,-10.08
49385332,-0.08,1.53,-9.61
49388940,0.00,1.49,-9.85
49392536,0.04,1.61,-10.16
49396208,0.12,1.37,-9.92
49399824,0.12,1.10,-10.28
49403492,0.16,0.82,-10.28
49407168,0.16,1.02,-10.63
49410836,0.20,1.02,-10.59
49414508,0.24,0.71,-10.24
49418180,0.24,0.94,-10.20
49421836,0.47,1.29,-10.04
49425496,0.43,1.14,-10.16
49429168,0.35,1.45,-10.04
49432828,0.39,1.65,-9.77
49436436,0.27,1.88,-10.04
49440108,0.31,2.04,-9.49
49443716,0.24,2.28,-9.41
49447328,0.24,2.08,-9.18
49450940,0.20,1.80,-9.18
49454540,0.20,2.04,-9.45
49458140,0.31,1.77,-9.02
49461756,0.24,2.20,-9.49
49465368,0.20,1.92,-9.41
49468964,0.08,2.24,-9.73
49472568,0.12,2.12,-9.38
49476168,0.00,2.20,-9.81
49479764,0.04,2.08,-10.36
49483412,0.04,2.51,-10.59
49487068,0.08,2.24,-10.71
49490732,0.12,2.08,-10.87
49494400,0.04,1.88,-10.43
49498056,0.12,1.77,-10.90
49501716,0.08,1.69,-10.79
49505376,0.04,1.69,-10.94
49509028,0.12,1.80,-10.71
49512684,0.08,1.61,-9.89
49516276,0.12,1.29,-10.00
49519940,0.12,1.29,-10.04
49523616,0.08,1.61,-10.08
49527256,0.16,1.45,-9.73
49530860,0.27,1.69,-10.08
49534532,0.24,1.57,-9.49
49538148,0.12,1.80,-9.92
49541752,0.08,1.84,-10.04
49545408,0.24,1.61,-10.28
49549088,0.20,1.33,-10.55
49552756,0.24,1.14,-9.96
49556364,0.39,1.06,-9.96
49559960,0.43,1.22,-9.85
49563580,0.35,1.57,-9.96
49567188,0.43,1.88,-9.14
49570796,0.47,2.28,-9.18
49574400,0.47,2.24,-9.02
49578008,0.51,2.39,-9.34
49581612,0.51,2.24,-9.61
49585216,0.47,2.43,-9.65
49588820,0.43,2.00,-9.57
49592420,0.35,1.77,-10.04
49596084,0.31,2.12,-10.32
49599764,0.27,2.00,-10.40
49603420,0.12,1.80,-10.90
49607080,0.20,2.20,-10.98
49610744,0.04,2.16,-10.87
49614412,0.12,2.04,-11.18
49618088,-0.16,1.92,-11.49
49621768,0.04,1.69,-11.53
49625408,0.00,1.57,-11.38
49629060,0.04,1.61,-10.87
49632728,0.04,1.61,-10.43
49636388,0.12,1.57,-10.55
49640060,0.12,1.33,-10.51
49643732,0.04,1.49,-10.43
49647392,0.04,1.33,-10.08
49651052,0.24,1.77,-10.08
49654720,0.12,2.08,-10.20
49658376,0.04,2.04,-10.55
49662028,0.08,1.92,-10.24
49665680,0.08,1.77,-10.51
49669324,0.00,1.88,-10.47
49672972,0.04,1.88,-10.28
49676628,0.16,1.96,-9.92
49680224,0.20,2.08,-9.89
49683832,0.12,2.08,-10.08
49687488,0.16,1.96,-10.28
49691164,0.16,2.28,-10.28
49694840,0.16,2.35,-10.47
49698516,0.12,2.39,-10.32
49702192,0.20,2.04,-10.16
49705844,0.27,1.73,-10.47
49709516,0.16,1.77,-10.59
49713200,0.16,1.61,-10.20
49716856,0.20,1.45,-9.89
49720464,0.20,1.29,-10.43
49724128,0.16,1.29,-9.96
49727744,0.16,1.18,-10.16
49731412,0.24,1.02,-9.92
49735028,0.20,0.86,-10.20
49738676,0.24,1.37,-10.24
49742344,0.16,1.29,-9.96
49745960,0.20,1.92,-10.16
49749620,0.24,1.96,-9.77
49753224,0.35,2.16,-10.08
49756888,0.16,2.24,-9.85
49760492,0.00,2.55,-10.36
49764140,0.00,2.31,-10.63
49767784,0.00,2.20,-10.32
49771428,0.00,2.08,-10.28
49775072,0.00,1.61,-10.90
49778732,-0.04,1.53,-10.51
49782404,-0.16,1.37,-10.59
49786080,0.00,1.26,-10.40
49789736,0.04,1.45,-10.51
49793404,0.04,1.45,-10.47
49797064,0.16,1.65,-10.71
49800740,0.20,1.69,-10.55
49804404,0.04,1.73,-9.96
49807996,0.08,1.77,-10.12
49811656,0.16,1.96,-9.57
49815256,0.08,2.24,-9.92
49818852,0.20,2.16,-9.85
49822452,0.16,2.16,-9.96
49826076,0.16,2.04,-10.08
49829736,0.08,1.96,-9.53
49833336,0.12,1.77,-9.61
49836952,0.16,1.92,-10.12
49840628,0.16,1.69,-10.24
49844292,0.16,1.65,-10.00
49847944,0.16,1.53,-10.20
49851616,0.08,1.57,-10.28
49855264,0.08,1.26,-10.08
49858936,0.12,1.26,-9.57
49862544,0.04,1.29,-10.12
49866204,0.16,1.41,-10.47
49869876,0.20,1.57,-10.40
49873532,0.08,1.49,-10.24
49877188,0.08,1.65,-9.96
49880792,0.20,1.73,-10.24
49884456,0.08,1.65,-10.51
49888112,0.04,1.49,-10.32
49891768,0.08,1.29,-9.96
49895352,0.00,1.77,-10.94
49899004,0.04,1.57,-10.40
49902648,0.00,1.84,-10.32
49906280,0.00,2.24,-10.79
49909940,-0.04,2.04,-10.75
49913604,0.00,1.96,-10.43
49917240,-0.08,2.04,-10.24
49920924,-0.12,1.96,-10.28
49924596,0.00,1.77,-10.12
49928244,-0.04,1.73,-9.81
49931844,0.00,1.84,-9.57
49935432,0.12,1.92,-10.08
49939084,0.08,1.84,-9.85
49942684,0.20,1.41,-10.00
49946336,0.24,1.22,-10.16
49950004,0.31,1.22,-9.77
49953616,0.35,0.98,-9.65
49957216,0.24,1.18,-9.89
49960828,0.39,1.73,-10.12
49964500,0.35,1.53,-9.77
49968112,0.24,1.96,-10.04
49971768,0.27,2.47,-10.08
49975428,0.31,2.39,-10.16
49979096,0.08,2.43,-9.77
49982692,0.27,2.28,-9.77
49986304,0.12,2.24,-10.20
49989964,0.04,2.39,-10.08
49993612,0.12,2.31,-9.89
49997212,0.12,2.12,-10.43
50000864,0.00,1.96,-10.71
50004512,-0.08,1.80,-10.47
50008184,-0.04,1.84,-10.55
50011864,-0.08,1.57,-10.79
50015536,-0.08,1.73,-10.71
50019216,-0.12,1.41,-10.28
50022916,-0.16,1.80,-10.75
50026604,-0.20,1.57,-10.59
50030280,-0.24,1.73,-10.63
50033968,-0.04,1.84,-10.36
50037640,-0.12,1.92,-10.24
50041328,-0.04,2.16,-9.92
50044960,-0.08,2.39,-10.12
50048632,-0.12,2.31,-10.47
50052316,-0.04,1.84,-10.12
50055968,0.00,1.92,-9.73
50059540,0.00,1.65,-9.96
50063140,-0.04,1.80,-10.40
50066812,-0.04,1.14,-10.47
50070496,0.04,1.14,-10.12
50074164,0.04,1.10,-9.45
50077764,0.35,1.22,-10.79
50081424,0.04,1.57,-10.59
50085068,0.00,1.49,-10.63
50088720,0.04,1.69,-10.47
50092376,0.04,1.77,-10.79
50096048,0.08,1.57,-10.24
50099708,0.20,1.73,-9.89
50103324,0.20,1.96,-10.28
50106988,0.24,1.61,-10.32
50110664,0.20,1.61,-10.47
50114324,0.24,2.16,-10.04
50117996,0.35,1.73,-10.00
50121656,0.16,2.00,-10.12
50125312,0.35,2.47,-10.08
50128968,0.20,2.35,-9.81
50132580,0.20,2.43,-9.73
50136180,0.08,2.39,-9.96
50139772,0.12,2.35,-9.96
50143388,0.27,2.24,-10.04
50147056,0.24,2.12,-10.04
50150728,0.24,2.00,-10.08
50154380,0.08,1.80,-9.77
50157972,0.16,1.57,-10.20
50161640,0.08,1.45,-10.16
50165304,0.08,1.84,-10.43
50168948,0.00,1.49,-9.69
50172536,0.04,1.53,-10.00
50176192,-0.08,1.49,-10.20
50179840,0.00,1.57,-10.32
50183496,-0.08,1.45,-10.87
50187180,-0.04,1.57,-10.51
50190860,-0.12,1.41,-10.40
50194532,-0.27,1.73,-9.92
50198160,-0.20,1.73,-10.67
50201824,0.00,2.00,-10.83
50205476,-0.12,1.49,-10.36
50209168,0.04,1.84,-10.67
50212824,0.04,1.73,-10.47
50216476,0.00,2.08,-10.55
50220132,0.04,1.73,-10.51
50223792,0.16,1.80,-10.40
50227452,0.16,1.77,-10.94
50231132,0.31,1.96,-10.63
50234792,0.27,2.04,-10.40
50238452,0.24,2.12,-10.43
50242140,0.31,2.08,-10.12
50245804,0.39,1.84,-9.73
50249400,0.47,2.28,-9.34
50253012,0.39,2.20,-10.04
50256664,0.43,1.88,-9.89
50260268,0.39,1.45,-9.69
50263864,0.27,1.69,-9.53
50267476,0.27,1.45,-9.57
50271084,0.35,1.69,-9.22
50274696,0.39,2.08,-9.96
50278296,0.24,2.04,-10.04
50281960,0.08,2.00,-9.81
50285552,0.04,1.88,-9.85
50289156,0.04,1.57,-10.28
50292812,-0.04,1.77,-10.55
50296492,-0.16,1.61,-10.32
50300176,-0.20,1.57,-10.51
50303856,-0.16,1.61,-10.75
50307552,-0.16,1.22,-10.71
50311228,-0.16,1.45,-10.51
50314912,-0.24,1.53,-10.79
50318596,-0.20,2.12,-10.90
50322268,-0.08,1.26,-10.16
50325932,0.00,1.53,-10.20
50329568,0.00,1.61,-10.04
50333192,0.00,1.77,-10.16
50336848,0.04,1.53,-10.36
50340504,0.08,1.77,-10.20
50344168,0.16,1.65,-9.57
50347776,0.16,1.80,-10.08
50351432,0.16,1.61,-9.85
50355056,0.31,1.69,-10.20
50358724,0.24,1.80,-10.00
50362372,0.27,1.53,-9.92
50365972,0.27,1.69,-10.32
50369628,0.27,1.57,-10.00
50373276,0.35,1.84,-9.92
50376900,0.31,2.24,-10.71
50380580,0.35,2.39,-10.24
50384252,0.20,2.55,-10.59
50387912,0.24,2.51,-10.12
50391592,0.31,2.59,-10.12
50395260,0.16,2.67,-9.38
50398864,0.31,2.55,-9.81
50402484,0.24,2.39,-10.04
50406152,0.08,2.08,-9.69
50409748,0.12,1.61,-9.85
50413360,0.04,1.80,-10.20
50417016,0.04,1.65,-10.24
50420672,-0.12,1.45,-10.00
50424344,-0.12,0.90,-9.89
50427952,0.00,1.41,-10.63
50431608,-0.08,1.06,-10.24
50435280,-0.08,1.06,-10.12
50438952,-0.04,0.98,-10.51
50442620,-0.08,1.02,-10.40
50446272,0.00,0.98,-10.47
50449916,0.08,1.14,-10.40
50453568,0.00,1.37,-10.00
50457200,0.08,1.65,-9.92
50460800,0.08,1.77,-9.65
50464392,0.12,2.04,-9.77
50468000,0.12,2.20,-10.00
50471648,0.16,1.96,-9.89
50475228,0.00,2.04,-9.38
50478816,0.08,1.69,-9.92
50482416,0.20,2.28,-10.40
50486076,0.04,2.47,-10.63
50489740,0.20,2.24,-10.43
50493400,0.16,2.43,-10.67
50497068,0.24,2.35,-10.59
50500748,0.04,2.16,-10.83
50504412,0.08,2.16,-10.59
50508068,0.12,1.88,-10.16
50511740,0.04,1.88,-10.67
50515396,0.08,1.53,-10.75
50519052,0.00,1.41,-10.16
50522704,0.00,1.53,-10.67
50526364,0.08,1.49,-10.40
50530020,0.04,1.57,-10.24
50533684,0.12,1.45,-10.12
50537352,0.12,1.80,-10.24
50541012,0.27,1.92,-9.81
50544604,0.00,2.12,-9.89
50548200,0.16,2.04,-9.92
50551804,0.12,1.53,-9.81
50555412,-0.08,1.37,-10.28
50559100,0.04,1.45,-9.96
50562696,0.04,1.45,-9.81
50566304,0.04,1.53,-10.08
50569956,0.04,1.53,-10.20
50573592,0.00,1.57,-10.00
50577224,0.12,1.65,-10.00
50580892,0.04,1.65,-10.16
50584556,0.04,1.57,-10.08
50588196,0.08,1.61,-9.81
50591800,0.24,1.29,-9.96
50595404,0.27,1.61,-10.43
50599072,0.20,1.92,-10.00
50602728,0.16,2.08,-10.08
50606384,0.20,2.12,-10.12
50610056,0.39,2.59,-9.57
50613664,0.24,2.51,-9.69
50617276,0.20,2.47,-10.04
50620932,0.04,2.55,-10.12
50624592,0.16,2.39,-10.20
50628256,0.04,2.20,-10.20
50631900,0.00,1.80,-10.36
50635556,0.04,1.49,-10.63
50639192,0.00,1.33,-10.67
50642860,0.04,0.94,-10.59
50646516,0.08,0.67,-9.89
50650120,0.00,0.90,-10.59
50653748,0.04,0.98,-10.79
50657408,0.12,1.26,-10.24
50661076,-0.08,1.45,-10.40
50664732,0.00,1.53,-10.28
50668364,0.00,1.92,-9.89
50671960,-0.04,2.08,-10.08
50675628,0.04,2.24,-10.00
50679288,0.04,2.24,-10.36
50682952,0.04,1.77,-10.08
50686596,0.04,1.96,-10.00
50690236,0.04,2.12,-10.32
50693896,0.00,1.69,-10.04
50697528,0.00,1.92,-10.04
50701160,0.16,1.61,-9.57
50704768,0.08,2.04,-9.96
50708364,0.16,1.88,-10.32
50712040,0.24,2.24,-10.00
50715708,0.31,1.96,-10.40
50719368,0.16,2.08,-10.28
50723036,0.16,1.96,-9.81
50726640,0.27,1.80,-10.04
50730292,0.24,1.77,-9.85
50733904,0.39,1.69,-10.20
50737576,0.31,1.45,-10.32
50741256,0.20,1.69,-10.32
50744920,0.20,1.61,-10.32
50748592,0.20,1.80,-10.47
50752248,0.16,1.61,-10.12
50755928,0.35,1.65,-10.28
50759600,0.27,1.65,-10.87
50763264,0.27,1.84,-11.18
50766928,0.16,2.24,-10.51
50770596,0.12,2.24,-10.12
50774264,0.08,2.28,-9.96
50777876,0.04,2.35,-10.08
50781548,0.08,2.24,-10.47
50785208,0.08,2.43,-10.04
50788868,0.08,2.08,-10.00
50792504,0.00,1.53,-10.08
50796144,0.00,1.37,-10.08
50799780,0.00,1.22,-9.53
50803352,0.00,1.57,-10.08
50806996,-0.04,1.45,-10.59
50810672,0.04,1.80,-10.32
50814320,0.00,1.49,-10.24
50817972,-0.04,1.53,-10.00
50821624,0.00,1.77,-10.55
50825268,0.00,1.92,-10.04
50828912,0.08,1.80,-10.12
50832572,0.08,1.77,-9.57
50836164,0.20,1.65,-10.00
50839808,0.39,1.22,-9.61
50843416,0.43,1.18,-9.73
50847032,0.51,1.61,-10.04
50850700,0.51,1.29,-9.61
50854300,0.55,1.80,-9.30
50857904,0.71,1.61,-9.34
50861512,0.71,1.61,-9.02
50865124,0.63,2.12,-9.26
50868732,0.47,2.24,-9.81
50872348,0.35,1.96,-9.85
50875948,0.35,2.04,-10.24
50879616,0.35,2.08,-10.67
50883280,0.31,2.04,-10.40
50886944,0.04,2.28,-10.55
50890604,0.04,2.00,-10.67
50894252,0.08,1.80,-10.32
50897904,0.12,1.65,-10.59
50901572,0.00,1.73,-10.16
50905220,-0.12,1.41,-9.49
50908840,-0.08,1.80,-10.24
50912492,0.00,2.39,-10.20
50916144,-0.04,1.96,-10.00
50919804,-0.20,1.92,-10.04
50923476,-0.24,1.80,-10.12
50927168,-0.35,1.65,-10.43
50930864,-0.27,1.53,-10.55
50934556,-0.04,1.53,-10.71
50938232,-0.20,1.73,-10.55
50941916,-0.08,1.22,-10.87
50945600,0.16,1.14,-10.59
50949272,0.08,1.02,-10.59
50952932,0.20,0.94,-10.47
50956588,0.31,1.61,-10.16
50960256,0.39,1.77,-10.00
50963912,0.43,1.65,-9.34
50967528,0.43,1.77,-9.53
50971132,0.59,1.53,-9.45
50974744,0.63,1.80,-8.63
50978336,0.67,1.80,-9.69
50981940,0.55,2.00,-9.14
50985544,0.59,1.92,-9.65
50989140,0.51,1.96,-9.61
50992756,0.47,1.92,-9.73
50996372,0.27,1.77,-10.40
51000040,0.24,1.96,-10.40
51003712,0.12,2.24,-10.63
51007392,0.08,1.84,-10.43
51011044,0.00,2.04,-10.47
51014692,0.00,1.88,-10.67
51018344,-0.20,1.73,-10.40
51022028,-0.20,2.31,-10.08
51025708,-0.47,2.20,-10.55
51029384,-0.16,2.16,-10.04
51033064,-0.24,2.00,-10.40
51036748,-0.39,1.84,-10.28
51040444,-0.27,1.49,-10.51
51044132,-0.27,1.06,-10.16
51047812,-0.20,0.90,-10.12
51051480,-0.16,0.86,-10.51
51055172,-0.16,0.94,-10.40
51058844,0.00,1.26,-10.75
51062500,-0.08,1.33,-10.43
51066176,0.16,1.45,-10.59
51069852,0.08,1.41,-10.63
51073516,0.00,1.49,-10.75
51077152,0.00,1.69,-10.94
51080792,0.00,1.88,-10.63
51084448,0.00,2.20,-10.67
51088104,0.16,2.16,-10.59
51091776,0.16,1.84,-10.32
51095464,0.24,1.92,-10.28
51099136,0.31,1.57,-9.77
51102760,0.43,1.69,-10.08
51106416,0.51,1.73,-9.41
51110040,0.43,2.04,-9.30
51113632,0.43,1.88,-9.22
51117236,0.55,2.08,-9.34
51120856,0.31,1.84,-9.34
51124456,0.51,2.00,-9.77
51128052,0.47,2.16,-9.14
51131664,0.31,2.24,-9.49
51135280,0.35,2.04,-10.04
51138936,0.16,2.28,-9.73
51142560,0.04,2.12,-9.53
51146156,0.08,1.92,-10.43
51149812,0.04,1.65,-10.71
51153484,-0.08,1.33,-10.51
51157156,0.00,1.06,-10.28
51160804,-0.12,1.26,-10.63
51164476,0.00,1.49,-10.36
51168136,-0.31,1.73,-10.55
51171832,-0.39,1.69,-10.28
51175520,-0.20,1.61,-10.16
51179192,-0.24,1.80,-10.00
51182868,-0.27,1.65,-10.32
51186560,-0.20,1.49,-10.16
51190236,-0.24,1.37,-10.43
51193920,-0.27,2.04,-10.75
51197588,-0.20,1.61,-10.08
51201268,-0.08,1.37,-10.20
51204920,0.00,1.49,-10.55
51208572,-0.04,1.57,-10.20
51212240,0.04,1.37,-10.16
51215880,0.00,1.61,-10.16
51219536,0.04,1.88,-9.85
51223144,0.16,1.88,-10.08
51226804,0.27,2.04,-10.32
51230464,0.39,1.88,-10.24
51234136,0.39,2.16,-10.12
51237812,0.51,2.43,-10.00
51241464,0.51,3.10,-10.59
51245128,0.51,2.79,-10.16
51248788,0.47,2.79,-9.61
51252400,0.43,2.94,-9.92
51256012,0.43,2.55,-9.53
51259620,0.47,2.51,-10.04
51263284,0.39,2.04,-9.77
51266888,0.20,1.69,-9.61
51270484,0.20,1.37,-9.38
51274100,0.12,1.45,-9.10
51277692,0.00,1.22,-9.26
51281284,0.04,1.29,-8.83
51284884,-0.16,1.06,-9.14
51288508,-0.04,1.02,-9.81
51292120,-0.16,1.14,-9.57
51295740,-0.27,1.37,-9.96
51299360,-0.27,1.69,-9.89
51302988,-0.43,1.61,-10.32
51306680,-0.39,1.80,-10.71
51310356,-0.31,1.61,-10.87
51314044,-0.31,2.08,-10.28
51317720,-0.31,1.80,-10.43
51321400,-0.31,2.35,-10.87
51325096,-0.24,2.16,-10.47
51328776,0.04,2.24,-10.63
51332452,-0.04,2.04,-10.36
51336128,0.12,1.96,-10.63
51339788,0.12,2.08,-10.83
51343452,0.20,2.24,-10.40
51347120,0.20,2.43,-10.43
51350780,0.16,2.12,-10.04
51354444,0.27,2.24,-10.24
51358120,0.31,2.16,-9.96
51361728,0.43,2.28,-10.04
51365388,0.39,1.61,-9.49
51368996,0.55,0.94,-9.77
51372596,0.35,0.94,-9.45
51376188,0.35,1.06,-9.22
51379792,0.43,1.45,-9.14
51383392,0.55,2.00,-9.14
51386996,0.35,2.20,-9.10
51390596,0.43,2.16,-9.53
51394196,0.16,2.12,-9.22
51397812,0.08,2.00,-9.69
51401392,0.08,2.04,-9.38
51405000,-0.04,2.08,-10.24
51408664,0.00,2.00,-10.28
51412300,-0.20,2.12,-10.40
51415988,-0.24,2.00,-10.87
51419664,-0.31,2.59,-11.22
51423348,-0.35,2.39,-11.53
51427028,-0.51,2.04,-10.71
51430708,-0.39,1.73,-10.98
51434392,-0.43,2.08,-10.83
51438088,-0.43,2.16,-10.83
51441776,-0.31,2.35,-10.83
51445460,-0.27,2.39,-10.20
51449132,-0.31,2.31,-10.32
51452820,-0.16,1.73,-9.92
51456444,-0.24,1.33,-10.12
51460136,-0.20,1.49,-10.40
51463800,-0.04,1.57,-10.40
51467472,-0.04,1.02,-10.40
51471136,-0.04,1.49,-9.92
51474752,0.04,1.26,-10.83
51478424,-0.08,1.69,-10.79
51482112,0.08,2.00,-9.85
51485708,0.12,2.04,-10.51
51489376,0.12,1.88,-10.40
51493028,0.00,1.92,-9.92
51496612,0.16,2.12,-9.96
51500224,0.20,2.31,-10.12
51503888,0.24,2.20,-10.00
51507540,0.24,2.08,-9.81
51511132,0.16,1.65,-9.92
51514748,0.24,2.12,-10.04
51518416,0.16,2.00,-9.81
51522024,0.20,1.80,-9.77
51525616,0.04,1.77,-9.96
51529196,0.00,1.92,-10.16
51532856,-0.08,1.33,-9.89
51536476,-0.12,1.73,-10.47
51540152,-0.27,1.37,-10.43
51543840,-0.27,1.49,-10.28
51547528,-0.20,1.22,-10.90
51551188,-0.27,1.10,-10.63
51554872,-0.31,1.18,-11.38
51558564,-0.39,1.73,-10.94
51562244,-0.31,1.57,-10.36
51565940,-0.24,2.08,-10.47
51569612,-0.27,1.92,-10.47
51573288,-0.31,1.49,-10.00
51576960,-0.27,1.77,-10.16
51580648,-0.31,1.22,-9.69
51584272,0.08,1.33,-9.73
51587872,-0.04,1.22,-10.47
51591548,0.08,1.29,-10.36
51595212,0.12,1.37,-10.16
51598880,0.08,1.65,-10.20
51602540,0.24,1.96,-10.55
51606188,0.16,1.65,-10.47
51609856,0.16,1.92,-10.28
51613536,0.04,2.04,-10.36
51617164,0.00,2.55,-10.83
51620816,0.12,2.16,-10.28
51624468,0.00,2.39,-10.63
51628120,0.20,2.55,-10.59
51631772,0.04,2.35,-10.71
51635436,0.12,2.20,-11.34
51639108,0.04,1.88,-11.34
51642764,0.12,1.69,-10.71
51646432,0.08,1.77,-10.32
51650104,0.04,1.96,-10.43
51653764,0.04,1.73,-10.24
51657416,0.00,1.73,-10.28
51661076,-0.08,1.45,-9.73
51664676,0.00,1.14,-9.30
51668248,0.00,0.98,-9.49
51671840,0.04,1.45,-9.89
51675428,0.00,1.41,-9.45
51679004,0.00,1.41,-9.85
51682580,0.00,1.14,-9.77
51686164,0.12,1.53,-9.92
51689756,0.00,1.57,-9.85
51693348,-0.20,1.41,-9.30
51696956,-0.20,1.65,-9.81
51700560,0.00,1.37,-9.85
51704140,0.04,1.61,-9.73
51707744,0.24,1.41,-9.57
51711348,0.00,1.57,-9.81
51714924,0.00,1.29,-9.92
51718524,0.12,1.10,-9.26
51722116,0.24,1.37,-9.61
51725724,0.08,1.41,-9.96
51729332,0.04,1.41,-9.92
51732932,0.08,1.49,-10.16
51736592,0.08,1.73,-10.28
51740248,0.00,1.80,-10.04
51743888,0.04,2.00,-10.63
51747536,0.12,1.92,-10.47
51751192,0.08,2.12,-10.75
51754852,0.08,2.12,-10.83
51758524,0.08,2.35,-10.90
51762152,0.00,2.31,-10.08
51765800,-0.08,1.92,-10.28
51769484,0.04,1.69,-10.43
51773128,0.16,1.49,-9.85
51776720,0.00,1.37,-9.61
51780312,0.04,1.14,-10.12
51783984,0.12,0.98,-9.61
51787584,0.24,1.10,-9.53
51791180,0.20,1.22,-9.10
51794780,0.20,1.37,-9.45
51798388,0.20,1.53,-9.73
51802004,0.20,1.26,-9.49
51805612,0.04,1.77,-9.18
51809216,0.16,1.53,-9.45
51812836,0.20,1.61,-9.77
51816436,0.04,1.69,-9.73
51820036,0.04,2.04,-9.89
51823632,0.00,2.20,-10.24
51827260,0.00,2.00,-9.81
51830840,0.00,1.41,-9.77
51834440,-0.08,1.88,-10.40
51838116,0.04,1.96,-10.55
51841756,0.00,1.96,-10.28
51845400,0.00,2.00,-10.12
51849052,0.04,1.84,-10.28
51852708,-0.04,1.73,-10.47
51856396,-0.04,1.80,-10.43
51860072,-0.04,2.00,-10.43
51863740,0.04,1.84,-10.24
51867404,0.04,1.96,-9.96
51871004,0.08,1.92,-10.55
51874668,0.12,1.92,-10.28
51878336,0.16,2.04,-10.20
51882012,0.16,1.57,-10.55
51885688,0.20,1.61,-10.36
51889352,0.27,1.73,-10.08
51893012,0.35,1.45,-10.08
51896680,0.16,1.37,-9.65
51900292,0.08,1.53,-9.57
51903892,0.24,1.65,-10.16
51907564,0.12,1.61,-10.20
51911208,0.00,1.61,-10.00
51914848,0.04,1.57,-10.28
51918492,0.00,1.80,-10.04
51922120,-0.04,1.65,-10.12
51925776,0.00,1.53,-9.89
51929376,-0.08,0.94,-9.65
51932980,0.00,0.82,-9.81
51936572,-0.04,1.10,-10.08
51940232,-0.08,1.45,-10.04
51943900,-0.12,1.69,-10.04
51947576,-0.20,2.28,-9.85
51951200,-0.12,2.35,-10.43
51954884,-0.08,2.55,-10.59
51958556,-0.08,2.43,-10.24
51962236,0.04,2.31,-10.51
51965896,-0.04,2.16,-10.79
51969576,0.20,1.96,-10.63
51973236,0.24,1.84,-10.79
51976904,0.31,1.77,-10.67
51980576,0.35,1.33,-10.40
51984244,0.35,1.61,-10.55
51987908,0.39,1.49,-10.00
51991568,0.35,2.20,-10.16
51995240,0.35,2.31,-10.47
51998908,0.43,2.39,-10.36
52002576,0.35,2.35,-10.51
52006248,0.24,2.24,-9.69
52009856,0.24,2.28,-9.89
52013476,0.20,1.80,-9.89
52017080,0.27,1.33,-9.30
52020684,0.31,1.10,-9.10
52024280,0.27,0.90,-9.18
52027888,0.31,0.90,-9.18
52031496,0.20,0.82,-9.26
52035088,0.20,0.90,-9.10
52038668,0.00,1.45,-9.81
52042248,0.08,1.26,-9.53
52045844,0.00,1.96,-10.28
52049484,0.00,2.12,-10.08
52053128,-0.20,2.39,-10.55
52056808,-0.24,2.12,-10.28
52060500,-0.20,2.39,-10.87
52064180,-0.39,2.35,-11.38
52067868,-0.20,2.31,-11.34
52071556,-0.12,2.35,-10.79
52075236,-0.04,2.20,-10.94
52078888,0.00,2.12,-10.98
52082540,0.16,1.84,-10.51
52086208,0.04,1.33,-10.40
52089872,0.12,0.82,-9.92
52093472,0.20,0.86,-9.92
52097076,0.27,0.71,-9.77
52100676,0.43,1.02,-9.77
52104284,0.47,1.22,-9.41
52107888,0.55,1.37,-9.26
52111516,0.59,2.16,-8.87
52115108,0.63,2.35,-9.77
52118716,0.63,2.90,-9.45
52122312,0.71,2.90,-9.81
52125908,0.51,3.06,-9.85
52129516,0.35,2.94,-9.96
52133116,0.24,2.59,-10.08
52136768,0.27,2.31,-9.69
52140396,0.16,2.20,-10.51
52144076,0.24,1.92,-10.16
52147740,0.04,1.80,-9.61
52151320,0.00,1.57,-9.96
52154888,0.00,1.53,-9.65
52158480,0.00,1.57,-10.24
52162128,-0.20,1.26,-10.55
52165820,-0.12,1.45,-10.59
52169504,-0.12,0.63,-10.12
52173188,-0.08,0.71,-10.24
52176844,0.00,1.22,-9.77
52180424,0.00,1.22,-9.89
52184020,-0.04,2.12,-9.57
52187640,0.00,1.80,-10.12
52191292,-0.08,2.00,-10.28
52194948,-0.16,1.88,-10.55
52198632,-0.04,1.88,-10.55
52202304,-0.04,1.65,-10.43
52205988,0.35,2.79,-23.30
52209656,-36.76,-11.26,-28.05
52213492,22.36,-44.17,-80.34
52217308,-80.34,56.60,-24.56
52221112,-20.36,80.30,35.70
52224896,-80.34,-74.06,-80.34
52228724,-44.44,-46.72,80.30
52232536,28.91,-80.34,80.30
52236332,12.47,-80.34,80.30
52240124,80.30,-59.47,80.30
52243912,-80.34,-36.17,49.35
52247732,-80.34,-80.34,45.19
52251544,6.04,-62.49,5.18
52255232,17.42,-0.24,26.20
52258968,20.01,21.46,38.44
52262744,24.95,11.89,33.89
52266516,24.40,17.34,40.01
52270280,16.71,27.81,34.56
52274056,17.22,37.23,44.01
52277832,8.63,-77.79,80.30
52281564,15.57,14.87,41.93
52285352,16.51,11.26,42.25
52289132,14.83,8.55,37.54
52292848,11.22,11.14,26.32
52296628,21.30,9.26,37.30
52300328,1.06,2.35,22.59
52303976,-2.28,0.27,16.83
52307644,-4.79,-3.69,7.81
52311272,-4.51,-9.41,-6.32
52314924,-5.61,-4.16,-15.53
52318636,-9.81,6.12,-26.28
52322332,-22.63,7.34,-32.79
52326084,-17.93,-7.57,-38.17
52329860,-7.96,-20.75,-55.94
52333632,-26.12,12.83,-43.27
52337444,-12.47,14.00,-44.95
52341248,-14.20,11.77,-45.03
52345052,-13.49,10.04,-43.23
52348852,-11.69,5.57,-38.87
52352616,-11.45,-0.12,-35.11
52356384,-10.79,-3.65,-31.07
52360136,-9.89,-7.73,-25.93
52363840,-8.63,-9.92,-21.81
52367544,-5.61,-8.24,-19.97
52371244,-3.69,-6.08,-18.55
52374948,0.75,-3.88,-18.08
52378644,-0.12,-13.69,-12.36
52382396,-3.30,-8.47,-7.34
52386048,-3.80,-8.08,-3.61
52389680,-7.06,-16.75,3.57
52393364,4.28,13.49,2.59
52397012,3.33,4.20,6.04
52400604,7.34,-1.06,9.53
52404208,6.71,-1.96,-0.16
52407836,0.24,6.12,12.04
52411488,9.65,4.63,-3.22
52415092,4.79,7.02,11.89
52418740,9.18,1.84,9.10
52422324,9.38,5.33,5.26
52425920,7.81,4.90,4.31
52429504,7.26,5.02,1.73
52433080,6.08,4.98,0.94
52436652,6.20,4.20,-1.14
52440248,4.79,4.39,-2.63
52443856,4.75,3.30,-3.41
52447468,4.00,2.90,-5.14
52451060,3.06,2.35,-6.51
52454664,2.39,2.71,-8.36
52458280,-0.78,7.77,-9.41
52461900,1.88,5.84,-13.42
52465580,-0.78,4.71,-14.00
52469248,0.04,4.55,-14.83
52472900,-0.55,5.57,-15.53
52476568,-0.59,4.12,-16.48
52480252,-0.71,4.04,-17.14
52483920,-1.96,3.02,-16.91
52487604,-2.16,2.35,-15.93
52491292,-1.61,1.06,-16.87
52494968,-1.22,0.98,-17.14
52498652,-1.45,0.67,-17.26
52502336,-1.10,0.24,-16.99
52506008,-1.33,-0.59,-15.69
52509692,0.00,-1.57,-14.44
52513372,0.20,-0.31,-13.45
52517052,0.00,1.06,-15.26
52520696,-0.20,-1.80,-12.12
52524396,2.04,3.69,-8.71
52528000,-2.24,-1.96,-10.20
52531700,2.51,2.71,-10.55
52535376,1.53,2.90,-9.30
52538976,1.73,5.26,-8.24
52542596,2.24,2.20,-5.61
52546192,2.24,2.67,-8.24
52549816,2.51,3.49,-7.49
52553416,2.39,3.33,-7.26
52557032,3.22,4.24,-6.43
52560648,2.47,2.43,-7.96
52564252,2.55,15.14,-9.73
52567920,1.84,4.51,-8.04
52571516,2.47,2.75,-7.96
52575112,1.77,3.53,-7.73
52578716,1.61,2.47,-9.22
52582324,1.57,3.02,-9.22
52585936,1.29,3.18,-10.55
52589616,0.78,2.79,-10.40
52593276,0.75,3.18,-11.73
52596956,0.16,2.67,-12.32
52600620,0.00,2.47,-12.63
52604276,-0.27,1.84,-12.47
52607956,-0.51,1.77,-13.89
52611656,-0.47,1.37,-13.81
52615344,-0.90,0.98,-13.81
52619020,-0.78,0.71,-13.73
52622708,-0.55,0.27,-14.00
52626380,-0.59,0.51,-13.45
52630060,-0.59,0.55,-13.53
52633744,-0.71,0.51,-13.26
52637420,-0.51,0.98,-13.38
52641092,-0.59,0.51,-12.28
52644772,-0.51,1.02,-12.71
52648452,-0.51,1.41,-12.36
52652132,-0.43,1.69,-11.73
52655812,0.08,2.28,-11.81
52659468,0.00,2.24,-11.34
52663112,0.31,2.71,-11.53
52666792,0.43,2.43,-11.22
52670460,0.71,2.08,-10.98
52674120,0.86,1.92,-11.06
52677792,0.86,1.61,-10.40
52681464,1.06,1.57,-10.47
52685112,1.10,0.86,-9.41
52688708,1.18,1.06,-9.65
52692320,1.33,0.98,-9.38
52695928,1.10,1.14,-9.22
52699528,1.06,2.04,-9.22
52703124,0.90,1.96,-9.49
52706716,1.02,2.90,-9.85
52710324,0.78,2.43,-9.61
52713948,0.75,2.75,-10.20
52717624,0.47,2.67,-10.32
52721288,0.35,2.39,-10.24
52724960,0.51,2.39,-10.79
52728632,0.16,2.00,-10.55
52732288,0.24,1.96,-10.83
52735968,0.08,1.88,-10.47
52739628,-0.08,1.41,-10.47
52743304,0.04,1.33,-10.67
52746968,-0.24,1.65,-11.10
52750648,-0.12,1.80,-11.41
52754328,-0.35,1.37,-11.61
52758020,-0.43,1.26,-11.41
52761704,-0.39,1.80,-10.87
52765380,-0.43,1.77,-11.34
52769064,-0.39,2.28,-11.38
52772748,-0.35,2.24,-11.02
52776440,-0.24,2.47,-11.10
52780112,-0.24,2.28,-11.53
52783796,-0.20,2.31,-11.06
52787460,0.00,2.31,-10.94
52791100,-0.16,1.84,-11.34
52794776,0.00,1.49,-10.83
52798408,0.00,1.14,-10.43
52802052,0.00,0.86,-10.71
52805700,-0.12,0.78,-10.71
52809380,0.04,0.55,-10.43
52813048,0.20,0.71,-10.67
52816708,0.08,0.71,-10.83
52820372,0.24,1.06,-10.51
52824044,0.20,1.10,-10.40
52827700,0.24,1.26,-10.24
52831384,0.27,1.65,-11.06
52835052,0.16,1.96,-10.51
52838720,0.04,2.24,-11.26
52842380,0.16,1.92,-11.14
52846064,0.20,2.00,-10.79
52849716,0.39,2.35,-10.36
52853380,0.35,1.96,-10.24
52857052,0.39,2.31,-10.24
52860716,0.43,2.31,-9.61
52864316,0.59,2.43,-9.61
52867920,0.55,2.51,-9.30
52871528,0.63,2.59,-9.73
52875120,0.71,2.79,-9.77
52878728,0.63,2.55,-9.34
52882344,0.67,2.47,-9.10
52885952,0.71,2.51,-9.34
52889564,0.78,2.47,-9.73
52893172,0.82,2.16,-9.77
52896788,0.63,1.96,-10.00
52900456,0.47,1.84,-10.00
52904104,0.59,1.61,-10.20
52907760,0.27,1.41,-10.12
52911432,0.27,1.06,-10.28
52915084,0.35,0.82,-10.43
52918748,0.27,0.75,-10.08
52922412,0.31,0.27,-10.04
52926072,0.31,0.67,-10.28
52929736,0.16,0.78,-9.81
52933352,0.24,0.90,-10.04
52937008,0.16,1.29,-10.00
52940664,0.08,1.45,-10.36
52944320,0.12,2.16,-10.20
52947988,0.04,2.00,-10.16
52951644,0.04,2.31,-10.36
52955312,0.20,2.47,-11.06
52958968,0.08,2.79,-10.59
52962620,0.00,2.59,-10.79
52966252,0.00,2.79,-10.43
52969896,0.00,2.79,-10.32
52973544,-0.04,3.02,-10.55
52977216,-0.08,2.90,-10.90
52980884,0.04,3.06,-11.41
52984536,0.04,2.86,-10.79
52988180,0.00,2.98,-10.94
52991812,0.00,2.47,-11.14
52995476,0.08,2.51,-11.81
52999116,0.00,2.39,-11.65
53002768,0.08,1.84,-11.45
53006428,0.24,1.65,-10.87
53010080,0.20,1.22,-11.34
53013740,0.47,1.02,-10.79
53017408,0.43,0.94,-10.32
53021068,0.67,0.90,-9.73
53024668,0.59,1.06,-9.89
53028264,0.63,1.29,-9.57
53031872,0.90,1.65,-9.30
53035476,0.90,1.65,-9.18
53039064,0.86,1.77,-8.55
53042680,0.90,1.84,-8.71
53046284,0.98,1.61,-8.67
53049880,0.98,1.88,-8.39
53053484,0.82,1.65,-8.94
53057068,1.02,1.53,-8.90
53060664,0.98,1.53,-8.94
53064272,0.94,1.77,-8.67
53067880,0.94,2.24,-8.83
53071480,0.86,2.35,-9.30
53075076,0.86,2.67,-9.18
53078672,0.86,2.47,-8.94
53082280,0.75,2.39,-9.41
53085876,0.67,2.35,-10.00
53089528,0.43,2.08,-10.28
53093184,0.71,2.08,-10.79
53096840,0.51,1.88,-9.96
53100464,0.31,1.61,-10.55
53104124,0.47,1.53,-10.43
53107792,0.43,1.37,-10.90
53111452,0.35,1.26,-10.71
53115116,0.43,1.57,-11.18
53118788,0.55,1.22,-11.30
53122464,0.47,1.41,-11.02
53126112,0.51,1.88,-11.34
53129784,0.71,1.61,-10.43
53133472,0.75,1.61,-10.16
53137144,0.75,1.84,-9.96
53140748,0.75,1.92,-9.06
53144356,0.71,1.96,-9.10
53147956,0.78,2.28,-8.83
53151568,0.82,2.24,-8.63
53155180,0.82,2.39,-8.59
53158788,0.82,2.43,-9.10
53162384,0.82,2.20,-9.14
53166000,0.82,2.12,-8.94
53169612,0.82,1.84,-9.10
53173212,0.75,1.65,-9.45
53176820,0.55,1.57,-9.89
53180440,0.75,1.45,-9.57
53184044,0.55,1.18,-9.26
53187648,0.75,1.41,-9.77
53191264,0.71,1.45,-10.32
53194936,0.55,1.45,-9.96
53198552,0.39,1.26,-10.12
53202224,0.20,1.37,-10.20
53205884,0.20,1.61,-10.47
53209544,-0.04,1.61,-10.67
53213224,0.27,2.00,-10.59
53216884,0.20,1.77,-10.51
53220540,0.27,1.96,-10.36
53224208,0.24,2.24,-10.43
53227884,0.31,2.59,-10.55
53231552,0.24,3.22,-11.06
53235216,0.20,2.75,-10.43
53238872,0.27,2.51,-10.36
53242528,0.27,2.79,-10.08
53246188,0.35,2.75,-10.67
53249856,0.35,2.31,-10.16
53253524,0.39,2.39,-10.20
53257176,0.59,2.12,-10.40
53260832,0.55,1.92,-9.89
53264444,0.51,1.80,-9.61
53268044,0.51,1.61,-9.77
53271656,0.35,1.49,-9.77
53275256,0.43,1.10,-10.00
53278912,0.51,0.78,-10.16
53282572,0.47,0.63,-9.96
53286172,0.63,0.39,-10.08
53289816,0.82,0.51,-9.96
53293440,0.75,0.78,-10.28
53297088,0.82,0.51,-10.36
53300756,0.78,0.63,-9.89
53304368,0.47,0.86,-9.41
53307972,0.35,1.41,-9.85
53311584,0.27,2.04,-9.65
53315192,0.47,2.51,-9.73
53318808,0.31,2.90,-9.73
53322404,0.43,2.90,-9.81
53326020,0.75,3.22,-10.47
53329684,0.67,2.94,-10.08
53333356,0.67,2.90,-10.24
53337028,0.75,2.67,-10.36
53340696,0.63,2.20,-10.71
53344360,0.55,1.80,-10.40
53348020,0.39,1.29,-10.55
53351680,0.12,1.18,-10.55
53355364,0.04,0.94,-10.43
53359024,0.20,1.14,-10.94
53362688,0.12,1.06,-11.14
53366364,0.71,0.31,-10.43
53370036,0.04,2.16,-9.18
53373640,0.16,1.77,-9.49
53377248,0.47,1.22,-10.28
53380932,0.24,0.90,-10.40
53384584,0.24,0.55,-9.61
53388200,0.24,0.39,-9.45
53391792,0.27,0.27,-9.18
53395400,0.39,0.31,-8.94
53399012,0.43,0.67,-9.18
53402616,0.39,0.82,-9.41
53406208,0.51,0.63,-8.55
53409816,0.47,1.53,-9.41
53413424,0.43,1.22,-9.34
53417032,0.51,1.53,-9.22
53420648,0.31,1.45,-9.85
53424260,0.20,1.65,-9.41
53427852,0.12,1.96,-9.73
53431464,0.04,2.24,-10.08
53435108,0.12,2.28,-9.81
53438716,0.04,2.39,-10.12
53442380,0.04,2.35,-10.40
53446036,0.08,2.51,-11.45
53449692,-0.04,2.79,-11.45
53453368,-0.16,2.71,-11.89
53457052,-0.43,2.71,-12.32
53460736,-0.47,2.35,-12.20
53464416,-0.59,2.39,-12.12
53468088,-0.47,2.28,-12.71
53471776,-0.35,1.88,-12.51
53475464,-0.24,1.45,-13.14
53479144,-0.31,0.82,-12.87
53482828,-0.35,0.35,-12.79
53486520,-0.39,0.20,-12.67
53490196,-0.43,0.12,-12.63
53493872,-0.39,0.00,-12.83
53497528,-0.20,-0.04,-12.55
53501196,-0.04,0.00,-12.24
53504836,0.00,-0.04,-11.65
53508492,0.12,0.16,-11.65
53512160,0.08,0.47,-11.45
53515812,0.12,0.86,-11.57
53519480,0.20,0.71,-10.94
53523128,0.39,0.67,-10.36
53526788,0.51,0.94,-10.00
53530444,0.35,0.86,-9.57
53534036,0.78,0.94,-9.34
53537632,0.51,0.98,-8.98
53541236,0.55,1.06,-8.67
53544836,0.35,1.37,-8.43
53548448,0.55,1.69,-8.20
53552048,0.67,1.77,-8.94
53555652,0.86,1.77,-9.26
53559252,1.10,1.77,-9.49
53562864,1.06,1.92,-8.28
53566472,1.33,1.26,-8.16
53570072,0.90,0.51,-8.39
53573676,0.75,0.27,-8.51
53577284,0.86,-0.04,-8.28
53580896,1.10,-0.20,-8.75
53584508,1.14,-0.71,-8.59
53588136,0.94,-0.59,-9.26
53591756,0.63,-0.55,-9.18
53595380,0.55,-0.20,-9.14
53599004,0.47,0.20,-9.26
53602608,0.67,0.24,-8.51
53606204,0.67,1.02,-8.90
53609796,0.86,1.14,-9.65
53613404,2.00,1.29,-9.89
53617012,0.24,2.71,-7.73
53620612,0.27,2.31,-8.28
53624216,0.71,2.28,-9.26
53627828,0.94,2.28,-9.26
53631452,0.82,2.12,-10.40
53635128,0.20,2.28,-10.00
53638772,0.16,2.16,-9.34
53642400,0.43,2.12,-9.92
53646004,0.35,2.00,-10.08
53649656,0.31,1.65,-10.43
53653336,0.20,1.41,-10.40
53657004,0.16,0.90,-10.51
53660664,0.20,0.63,-10.90
53664336,0.20,0.12,-10.67
53668008,0.12,0.35,-11.06
53671664,-0.04,0.04,-11.10
53675336,-0.08,0.39,-11.34
53679020,-0.12,0.55,-11.41
53682688,0.00,0.86,-11.14
53686340,-0.24,1.10,-11.41
53690020,-0.12,1.37,-11.38
53693704,-0.31,1.80,-11.38
53697380,-0.47,1.53,-11.02
53701056,-0.43,1.88,-10.98
53704732,-0.51,2.16,-11.69
53708416,-0.55,2.04,-11.41
53712088,-0.43,1.88,-11.73
53715768,-0.39,1.84,-11.77
53719452,-0.67,1.57,-11.96
53723132,-0.71,1.41,-11.81
53726824,-0.59,1.18,-11.45
53730500,-0.51,1.18,-11.65
53734188,-0.39,0.86,-11.92
53737864,-0.31,1.10,-11.38
53741556,-0.20,0.47,-10.94
53745232,-0.20,0.75,-11.26
53748912,0.00,0.82,-11.41
53752568,-0.12,0.47,-11.73
53756248,0.04,0.51,-11.57
53759920,0.27,0.43,-11.26
53763592,0.24,0.39,-11.10
53767244,0.43,0.55,-11.18
53770904,0.27,0.67,-10.90
53774564,0.27,1.02,-10.94
53778220,0.27,0.78,-10.32
53781876,0.27,0.71,-9.96
53785476,0.35,1.18,-9.69
53789076,0.43,0.51,-9.41
53792684,0.51,0.67,-9.30
53796280,0.59,0.94,-8.79
53799872,0.51,0.86,-9.34
53803468,0.59,0.86,-8.90
53807056,0.47,0.90,-8.98
53810644,0.82,1.14,-8.90
53814248,0.71,0.78,-8.71
53817844,0.82,0.55,-9.14
53821448,0.78,0.86,-9.10
53825028,0.55,0.67,-8.71
53828640,0.75,0.94,-9.18
53832232,0.59,1.02,-8.71
53835832,0.63,1.14,-9.30
53839440,0.55,1.26,-9.65
53843036,0.67,1.29,-9.34
53846644,0.63,1.33,-9.30
53850252,0.71,1.22,-9.89
53853856,0.63,1.14,-10.12
53857524,0.78,0.86,-9.77
53861116,0.82,0.63,-9.73
53864724,0.78,0.63,-9.57
53868332,0.67,0.55,-9.53
53871928,0.82,0.51,-9.85
53875540,0.86,1.06,-10.16
53879200,0.75,0.59,-10.04
53882856,0.71,0.16,-10.08
53886508,0.67,0.51,-10.71
53890180,0.43,0.51,-10.24
53893852,0.39,0.75,-10.43
53897516,0.24,0.98,-11.10
53901172,0.35,1.14,-10.28
53904840,0.35,1.26,-10.36
53908512,0.20,1.45,-10.87
53912172,0.12,1.57,-10.32
53915840,0.04,1.65,-10.24
53919480,0.00,1.45,-10.08
53923112,0.00,2.08,-10.87
53926760,0.08,1.77,-10.47
53930424,0.16,2.24,-10.75
53934088,0.04,1.49,-10.71
53937756,0.04,1.41,-10.90
53941420,0.16,1.57,-10.47
53945080,0.20,1.37,-10.79
53948752,0.20,1.53,-10.36
53952428,0.27,1.61,-9.92
53956032,0.43,1.41,-10.94
53959708,0.47,1.26,-10.43
53963388,0.43,0.86,-10.75
53967040,0.51,0.90,-10.83
53970700,0.47,0.86,-11.02
53974344,0.55,0.63,-10.47
53978012,0.47,0.67,-10.90
53981680,0.43,0.43,-10.43
53985340,0.55,0.51,-10.40
53989000,0.63,0.63,-10.55
53992656,0.71,0.59,-10.12
53996332,0.63,0.94,-10.04
53999992,0.59,1.18,-9.61
54003596,0.55,1.22,-9.26
54007204,0.59,1.22,-10.08
54010856,0.51,1.10,-9.30
54014456,0.55,1.57,-9.96
54018056,0.47,1.41,-9.65
54021652,0.55,1.45,-10.12
54025324,0.43,0.71,-9.89
54028920,0.51,0.67,-10.08
54032584,0.47,0.71,-10.04
54036244,0.20,0.94,-10.20
54039916,0.31,0.55,-10.24
54043592,0.20,0.67,-10.12
54047252,0.20,0.98,-10.47
54050908,0.47,1.02,-10.51
54054564,0.35,1.14,-9.96
54058176,0.35,1.53,-10.51
54061848,0.31,1.77,-10.12
54065528,0.39,1.96,-9.77
54069132,0.47,2.31,-9.77
54072748,0.43,2.16,-9.69
54076352,0.55,2.16,-10.32
54080016,0.59,1.92,-9.85
54083620,0.63,1.61,-10.16
54087288,0.59,1.61,-10.08
54090940,0.51,1.26,-10.08
54094604,0.47,0.98,-10.43
54098256,0.59,0.98,-10.75
54101912,0.55,0.71,-10.67
54105588,0.59,0.90,-10.87
54109244,0.59,0.86,-10.28
54112900,0.55,1.10,-10.47
54116564,0.59,1.33,-10.83
54120228,0.51,1.37,-10.71
54123900,0.67,1.33,-10.20
54127564,0.55,1.53,-10.59
54131228,0.51,1.77,-10.47
54134900,0.55,1.69,-10.04
54138564,0.59,1.88,-10.28
54142216,0.27,1.88,-9.89
54145816,0.55,2.24,-10.40
54149488,0.55,2.28,-10.16
54153156,0.55,2.28,-10.08
54156808,0.55,2.04,-9.57
54160424,0.55,1.96,-10.51
54164084,0.47,1.73,-10.16
54167752,0.43,1.33,-10.12
54171424,0.55,1.18,-9.85
54175024,0.43,1.22,-10.12
54178696,0.39,1.14,-10.28
54182368,0.39,0.90,-9.96
54185968,0.35,1.10,-10.00
54189620,0.43,1.14,-10.32
54193304,0.71,1.18,-10.43
54196984,0.51,1.37,-10.28
54200640,0.51,1.61,-9.89
54204248,0.51,1.57,-10.16
54207908,0.63,1.65,-9.92
54211524,0.55,1.57,-10.04
54215180,0.63,1.33,-9.77
54218796,0.75,1.29,-10.12
54222456,0.59,0.98,-9.57
54226052,0.59,1.45,-9.81
54229644,0.67,1.29,-10.04
54233316,0.67,0.94,-10.12
54236984,0.63,1.29,-10.59
54240648,0.59,1.14,-10.28
54244316,0.55,1.18,-10.00
54247976,0.55,1.06,-9.89
54251580,0.78,1.29,-10.08
54255228,0.59,1.41,-10.04
54258896,0.55,1.53,-10.32
54262572,0.59,1.73,-10.16
54266232,0.51,1.88,-10.00
54269888,0.63,1.80,-9.96
54273488,0.55,2.59,-10.63
54277152,0.55,2.39,-9.73
54280760,0.47,2.08,-10.20
54284424,0.24,2.47,-10.36
54288096,0.27,2.16,-9.96
54291712,0.12,2.28,-10.71
54295384,0.27,2.20,-10.28
54299040,0.04,1.88,-10.75
54302696,0.35,1.88,-10.51
54306380,0.24,1.49,-10.40
54310040,0.16,1.29,-10.36
54313724,0.24,0.94,-10.47
54317392,0.16,0.82,-10.43
54321048,0.20,0.71,-10.16
54324728,0.31,0.67,-10.55
54328400,0.24,0.67,-10.67
54332048,0.24,0.71,-10.79
54335728,0.16,0.78,-10.47
54339404,0.08,0.94,-10.24
54343048,0.35,0.98,-10.20
54346700,0.27,0.98,-10.36
54350368,0.20,1.18,-10.59
54354024,0.24,1.37,-10.59
54357680,0.24,1.26,-10.36
54361352,0.16,1.29,-10.67
54365020,0.20,1.37,-10.12
54368688,0.31,0.94,-10.16
54372344,0.31,1.29,-9.96
54375960,0.16,1.49,-9.61
54379576,0.24,1.29,-9.69
54383180,0.24,1.45,-9.92
54386788,0.20,1.69,-9.61
54390396,0.12,1.65,-9.69
54393992,0.00,1.77,-9.30
54397576,0.12,2.04,-9.26
54401184,0.20,2.00,-8.79
54404748,0.00,1.88,-8.87
54408344,0.04,1.84,-8.67
54411916,0.00,1.77,-8.39
54415516,-0.16,1.29,-8.51
54419140,-0.20,1.26,-8.55
54422760,-0.31,1.41,-9.10
54426388,-0.20,1.06,-9.34
54429992,-0.31,0.86,-9.34
54433612,-0.43,0.78,-9.30
54437232,-0.47,0.59,-9.89
54440848,-0.78,0.63,-10.16
54444536,-0.82,0.67,-9.89
54448164,-0.90,0.82,-10.12
54451832,-0.94,0.71,-9.65
54455456,-1.02,1.22,-10.12
54459140,-0.90,1.02,-9.57
54462752,-0.86,1.10,-9.85
54466380,-0.78,1.73,-10.59
54470052,-0.86,1.84,-10.20
54473740,-0.78,1.80,-10.83
54477420,-0.94,0.27,-10.20
54481088,-1.37,2.51,-10.36
54484768,-1.14,1.61,-10.20
54488456,-0.94,0.98,-10.16
54492128,-0.94,0.98,-10.04
54495788,-1.14,1.06,-10.47
54499480,-1.29,1.14,-9.73
54503100,-1.29,1.26,-9.22
54506728,-1.18,1.53,-9.18
54510348,-1.53,1.41,-9.61
54513984,-1.45,1.73,-9.34
54517608,-1.41,1.61,-9.06
54521228,-0.90,1.69,-8.87
54524852,-0.98,1.45,-8.79
54528472,-0.75,1.29,-8.32
54532104,-0.47,0.90,-8.55
54535724,-0.43,0.78,-8.12
54539336,-0.12,0.51,-8.16
54542964,-0.08,0.27,-8.08
54546584,-0.04,0.04,-7.61
54550180,-0.20,-0.12,-7.69
54553812,-0.20,-0.12,-8.71
54557428,0.00,0.35,-8.98
54561008,0.24,0.08,-9.26
54564604,0.35,0.16,-9.41
54568208,0.31,0.04,-9.41
54571804,0.35,0.16,-9.34
54575400,0.27,0.00,-9.18
54578988,0.31,-0.39,-9.06
54582604,0.20,-0.24,-9.26
54586224,0.24,-0.82,-9.06
54589836,0.16,-0.27,-9.49
54593464,0.08,-0.75,-8.83
54597056,0.00,-0.27,-8.98
54600664,-0.43,0.20,-9.38
54604292,-0.86,0.67,-9.96
54607916,-0.82,0.98,-10.75
54611580,-0.59,2.00,-10.55
54615248,-0.59,2.24,-11.18
54618936,-0.59,2.86,-11.45
54622616,0.16,3.18,-11.26
54626296,0.43,3.45,-10.55
54629980,-0.75,3.49,-12.98
54633668,-0.24,0.90,-10.75
54637332,-3.14,37.30,-19.14
54641084,0.12,6.24,-11.49
54644756,2.20,6.08,-11.30
54648416,1.80,1.53,-11.41
54652076,1.84,2.90,-8.59
54655668,1.77,3.37,-8.59
54659284,1.80,2.47,-7.65
54662880,2.16,1.96,-8.08
54666488,2.39,1.53,-6.98
54670092,2.43,1.18,-6.79
54673708,2.47,0.63,-7.22
54677308,2.43,0.27,-6.35
54680932,2.35,-0.16,-6.00
54684552,2.28,-0.24,-6.20
54688172,2.28,-0.51,-5.49
54691792,2.43,0.43,-6.71
54695404,2.47,0.71,-7.57
54699000,-3.18,3.02,-10.00
54702676,3.73,2.71,-6.94
54706296,4.08,1.77,-10.98
54709968,3.30,3.02,-10.90
54713624,3.92,3.10,-10.12
54717292,3.33,3.26,-9.73
54720908,2.98,3.84,-9.73
54724532,2.63,3.77,-9.65
54728136,2.75,3.65,-9.34
54731744,2.98,3.41,-8.79
54735356,3.14,3.18,-9.61
54738980,3.06,2.75,-9.73
54742580,3.22,2.67,-9.41
54746192,2.94,2.51,-9.45
54749804,3.33,1.80,-9.57
54753412,3.49,1.69,-9.89
54757004,3.57,1.73,-9.69
54760616,3.92,1.37,-9.22
54764224,4.20,0.86,-8.94
54767820,4.51,1.57,-9.77
54771428,4.79,1.49,-8.90
54775020,4.94,2.08,-8.67
54778620,5.26,2.47,-8.55
54782228,5.49,2.75,-8.00
54785828,5.81,3.77,-7.41
54789436,5.61,4.16,-7.57
54793040,5.84,4.28,-7.77
54796656,6.12,5.02,-7.49
54800260,6.16,4.94,-7.61
54803868,6.94,5.69,-7.53
54807476,7.10,5.33,-7.69
54811076,6.79,5.41,-7.65
54814684,5.30,4.35,-8.08
54818292,7.34,4.94,-7.45
54821904,5.88,4.31,-6.28
54825512,6.43,0.86,-6.75
54829116,5.26,2.47,-6.43
54832720,5.37,2.43,-6.63
54836328,5.10,1.29,-6.90
54839928,5.18,0.90,-8.55
54843544,5.18,0.31,-9.02
54847136,5.41,0.59,-9.69
54850744,5.61,0.59,-10.16
54854412,5.53,0.55,-10.47
54858084,5.53,2.24,-11.06
54861752,6.47,1.22,-12.24
54865420,6.28,1.41,-11.89
54869088,6.24,1.29,-11.38
54872752,6.63,2.71,-11.61
54876420,6.67,3.45,-11.41
54880088,5.41,3.96,-11.38
54883752,7.18,3.57,-10.43
54887420,4.86,1.53,-10.36
54891092,6.98,2.94,-11.73
54894760,7.06,3.88,-9.85
54898360,7.30,4.71,-9.65
54901968,7.41,4.51,-9.45
54905576,7.65,5.96,-9.81
54909180,6.63,4.43,-8.98
54912784,6.86,4.59,-8.75
54916396,7.57,12.20,-0.78
54920040,9.18,3.92,-8.08
54923640,6.63,4.71,-8.90
54927240,6.67,3.88,-8.39
54930852,6.51,3.73,-7.96
54934456,6.71,3.37,-7.88
54938068,6.47,2.59,-8.39
54941668,6.47,2.43,-8.94
54945288,6.59,2.00,-8.94
54948888,6.47,1.57,-8.83
54952512,6.43,1.18,-9.81
54956124,6.32,0.90,-9.53
54959724,6.16,0.98,-9.85
54963344,5.88,0.90,-9.65
54966932,5.81,0.98,-9.45
54970556,5.77,0.78,-9.53
54974156,5.81,0.71,-9.73
54977768,5.53,0.35,-9.61
54981384,5.49,0.31,-9.30
54984972,5.14,-0.59,-9.53
54988596,5.49,0.43,-9.34
54992196,5.73,0.51,-9.49
54995804,5.57,0.47,-9.30
54999408,5.30,0.27,-9.10
55003004,5.49,0.75,-9.45
55006608,5.33,0.31,-8.83
55010224,5.49,0.82,-8.87
55013836,5.49,1.02,-8.83
55017440,5.61,1.77,-8.43
55021044,5.65,1.65,-8.51
55024656,5.53,2.12,-8.94
55028268,5.61,1.65,-8.75
55031872,5.33,2.55,-8.87
55035500,5.37,2.67,-9.14
55039128,5.57,3.10,-9.30
55042728,6.00,3.69,-9.49
55046324,6.12,3.96,-9.85
55049944,5.96,4.59,-10.47
55053608,5.92,4.16,-10.43
55057280,5.41,3.77,-9.85
55060884,6.86,4.55,-9.22
55064500,6.28,1.22,-9.92
55068108,5.53,1.88,-9.18
55071716,5.41,0.27,-10.16
55075388,5.02,0.78,-10.12
55079048,4.79,0.24,-9.65
55082648,4.82,-0.67,-9.69
55086280,4.98,-1.18,-10.24
55089964,4.90,-1.22,-10.43
55093648,4.82,-0.63,-10.40
55097324,4.24,-1.57,-9.22
55100960,4.63,-1.22,-9.38
55104592,4.67,-0.86,-9.26
55108212,4.59,-0.67,-8.43
55111852,4.51,-0.04,-8.98
55115464,4.59,0.39,-8.59
55119060,4.71,0.82,-8.79
55122660,4.79,1.22,-8.39
55126276,4.79,1.65,-8.63
55129884,4.79,2.12,-8.12
55133508,4.55,2.43,-8.67
55137112,4.67,2.47,-8.63
55140732,4.86,2.71,-8.79
55144348,5.18,3.77,-9.22
55147960,5.06,3.53,-9.49
55151560,4.86,3.10,-8.47
55155168,4.75,3.33,-9.18
55158780,4.63,3.84,-9.18
55162388,4.67,3.69,-9.34
55165992,4.39,3.65,-9.57
55169600,4.82,4.51,-10.36
55173276,4.90,4.35,-10.00
55176932,4.98,3.92,-10.47
55180596,4.94,4.08,-9.73
55184196,4.86,4.08,-9.57
55187796,4.63,3.65,-9.38
55191408,4.79,3.30,-9.77
55195008,4.67,3.26,-9.34
55198628,4.67,2.79,-8.71
55202252,4.67,2.35,-8.32
55205864,4.59,1.65,-8.28
55209480,4.00,0.71,-8.98
55213080,4.12,0.51,-8.75
55216692,3.92,6.67,-6.79
55220300,6.08,0.63,-8.32
55223908,4.67,1.45,-7.69
55227528,4.20,1.02,-8.59
55231120,4.20,1.33,-8.39
55234728,4.28,2.08,-8.43
55238332,4.31,1.88,-9.14
55241940,4.55,2.86,-9.10
55245540,4.86,2.98,-9.73
55249148,5.18,1.29,-11.38
55252820,5.45,0.86,-12.55
55256492,4.28,2.24,-11.96
55260160,3.84,2.35,-12.04
55263836,3.73,2.35,-11.14
55267520,3.57,2.79,-12.08
55271184,3.69,2.00,-13.06
55274856,3.96,1.92,-12.94
55278528,3.96,2.31,-12.79
55282192,4.00,3.10,-12.94
55285848,3.77,3.61,-12.59
