121449424,-0.67,0.04,-12.43
121453152,-0.75,0.00,-11.81
121456880,-0.75,0.16,-11.61
121460620,-0.90,0.20,-11.69
121464352,-0.98,0.16,-12.04
121468088,-1.10,-0.08,-11.53
121471832,-1.26,0.04,-11.61
121475588,-1.45,-0.16,-11.26
121479356,-1.49,-0.20,-10.90
121483096,-1.53,-0.04,-10.83
121486840,-1.57,0.00,-11.18
121490584,-1.57,0.12,-10.55
121494340,-1.61,0.12,-10.71
121498096,-1.37,0.12,-10.47
121501836,-1.22,0.63,-10.79
121505588,-1.06,0.90,-11.22
121509320,-1.02,1.02,-10.75
121513056,-0.94,1.22,-10.87
121516804,-0.75,1.26,-11.26
121520556,-0.67,0.67,-10.94
121524296,-0.78,0.94,-11.22
121528036,-0.63,0.59,-10.40
121531776,-0.39,0.27,-11.02
121535520,-0.39,-0.16,-10.28
121539276,-0.24,-0.12,-10.24
121543036,-0.16,-0.39,-10.16
121546796,-0.12,0.35,-10.00
121550484,0.00,0.00,-9.92
121554112,0.08,0.35,-9.73
121557768,0.16,0.39,-9.57
121561448,0.31,0.67,-9.89
121565108,0.43,0.55,-9.45
121568768,0.43,0.59,-9.14
121572440,0.43,0.51,-9.45
121576092,0.31,0.39,-9.22
121579768,0.39,0.24,-9.34
121583440,0.16,0.12,-9.02
121587096,0.20,-0.43,-9.14
121590772,0.24,-0.67,-97
132805032,0.24,1.26,-9.85
132808708,0.31,1.26,-10.36
132812436,0.20,1.73,-10.79
132816156,0.16,1.41,-10.32
132819900,0.24,1.53,-10.00
132823616,0.24,1.45,-10.55
132827332,0.27,1.29,-10.55
132831060,0.20,1.29,-10.47
132834780,0.24,1.22,-10.63
132838516,0.39,1.29,-10.20
132842244,0.43,1.26,-10.36
132845964,0.27,1.26,-9.89
132849628,0.31,1.14,-9.77
132853292,0.51,1.29,-9.92
132856968,0.47,1.26,-10.55
132860692,0.43,1.41,-9.77
132864368,0.47,1.29,-9.73
132868028,0.55,1.33,-9.89
132871692,0.59,1.14,-9.69
132875348,0.55,1.37,-9.18
132879008,0.47,1.92,-9.18
132882672,0.31,1.84,-9.57
132886328,0.55,1.65,-9.85
132889996,0.39,1.88,-9.53
132893656,0.43,1.65,-9.69
132897320,0.35,1.49,-9.65
132900980,0.43,1.53,-9.92
132904644,0.31,1.33,-9.85
132908320,0.20,1.41,-10.04
132912040,0.20,1.14,-10.24
132915764,0.24,1.33,-9.96
132919432,0.16,1.18,-10.59
132923160,0.12,0.98,-10.47
132926876,0.08,1.02,-10.43
132930600,0.08,0.94,-10.87
132934300,0.16,1.06,-10.87
132938040,0.04,0.90,-10.98
132941752,0.08,1.18,-11.02
132945480,0.24,1.33,-10.40
132949208,0.16,1.57,-10.90
132952924,0.27,1.69,-10.71
132956660,0.20,1.77,-10.71
132960392,0.31,1.88,-10.20
132964108,0.47,2.04,-10.08
132967828,0.43,2.20,-10.00
132971544,0.47,1.73,-9.73
132975212,0.43,1.80,-9.65
132978872,0.47,1.88,-9.85
132982536,0.39,1.96,-10.04
132986260,0.47,1.57,-10.24
132989988,0.39,1.41,-10.04
132993700,0.24,1.29,-10.16
132997420,0.31,1.10,-9.81
133001092,0.27,1.18,-10.43
133004824,0.39,0.63,-9.81
133008488,0.27,0.94,-9.96
133012144,0.31,0.90,-10.12
133015864,0.16,0.78,-10.08
133019580,0.27,0.94,-10.55
133023308,0.24,0.94,-10.16
133027036,0.16,0.67,-10.16
133030760,0.20,0.98,-10.55
133034488,0.16,0.90,-10.08
133038196,0.20,1.18,-10.16
133041928,0.20,1.49,-10.59
133045640,0.16,1.77,-10.43
133049372,0.27,1.88,-10.08
133053088,0.16,1.88,-10.28
133056820,0.12,1.65,-10.55
133060540,0.16,1.96,-10.43
133064276,0.24,1.45,-10.28
133067996,0.31,1.45,-10.00
133071712,0.20,1.57,-10.87
133075448,0.24,1.49,-10.24
133079176,0.27,1.45,-10.94
133082904,0.39,1.33,-10.75
133086628,0.39,0.86,-10.51
133090356,0.47,0.51,-10.40
133094076,0.47,1.02,-10.00
133097780,0.67,1.33,-10.59
133101512,0.51,1.57,-9.85
133105176,0.55,1.84,-10.55
133108912,0.51,1.84,-9.81
133112572,0.47,1.88,-10.08
133116284,0.51,1.69,-9.96
133119948,0.39,1.45,-9.85
133123620,0.47,1.37,-10.04
133127336,0.31,1.18,-9.89
133131004,0.31,1.06,-9.53
133134664,0.16,0.90,-9.77
133138312,0.27,1.06,-9.89
133141972,0.16,1.02,-9.92
133145636,0.16,1.02,-9.69
133149296,0.16,0.94,-9.89
133152960,0.16,0.86,-10.28
133156676,0.08,1.29,-10.47
133160396,0.12,1.10,-10.16
133164124,0.12,1.45,-10.24
133167832,0.00,1.53,-10.16
133171556,0.08,1.61,-10.55
133175272,0.12,1.61,-10.55
133179000,0.08,1.49,-10.40
133182712,0.04,1.45,-10.55
133186424,0.20,1.65,-10.51
133190140,0.16,1.57,-10.55
133193880,0.24,1.26,-10.12
133197612,0.47,1.18,-10.47
133201332,0.35,1.06,-10.24
133205056,0.43,1.02,-10.40
133208772,0.35,0.75,-10.43
133212504,0.43,1.02,-10.51
133216220,0.51,1.14,-10.43
133219952,0.43,1.10,-10.28
133223672,0.31,1.41,-10.51
133227404,0.47,1.57,-10.08
133231120,0.43,1.88,-9.89
133234780,0.31,2.00,-9.85
133238428,0.43,2.04,-9.85
133242080,0.27,2.12,-9.81
133245752,0.31,1.77,-10.43
133249496,0.20,1.73,-10.36
133253228,0.35,1.61,-10.12
133256944,0.27,1.53,-9.73
133260608,0.24,1.61,-10.24
133264344,0.16,1.53,-10.47
133268080,0.24,1.18,-10.12
133271816,0.16,1.61,-10.12
133275544,0.27,1.06,-10.24
133279260,0.20,1.02,-10.16
133282988,0.16,0.90,-10.40
133286700,0.24,1.02,-10.67
133290416,0.31,0.86,-10.51
133294140,0.20,0.86,-10.20
133297840,0.39,1.10,-10.08
133301548,0.35,1.02,-9.92
133305212,0.20,1.33,-9.77
133308876,0.27,1.26,-9.92
133312540,0.27,1.37,-10.12
133316256,0.51,1.18,-10.16
133319980,0.24,1.14,-9.73
133323648,0.24,1.14,-9.89
133327320,0.35,0.94,-10.08
133331036,0.24,1.02,-9.92
133334684,0.27,1.26,-10.24
133338412,0.39,1.22,-10.08
133342136,0.43,1.49,-10.12
133345876,0.43,1.92,-10.16
133349588,0.55,1.69,-10.59
133353308,0.24,1.53,-10.24
133357048,0.24,1.14,-10.24
133360792,0.12,1.26,-10.55
133364520,0.24,1.29,-10.67
133368240,0.27,1.26,-9.49
133371916,0.20,1.37,-10.04
133375624,0.04,1.53,-10.47
133379344,0.16,1.41,-10.63
133383080,0.12,1.41,-9.77
133386740,0.27,1.45,-10.08
133390464,0.27,2.12,-10.51
133394192,0.35,1.96,-10.43
133397920,0.35,1.80,-10.16
133401648,0.20,1.65,-10.04
133405352,0.47,1.80,-10.36
133409072,0.39,1.49,-10.12
133412804,0.35,1.29,-10.20
133416528,0.43,1.53,-10.00
133420240,0.47,1.49,-10.00
133423952,0.39,1.02,-10.28
133427672,0.47,1.02,-9.92
133431340,0.55,1.06,-10.04
133435060,0.47,0.90,-10.08
133438768,0.47,0.82,-10.12
133442496,0.47,1.06,-9.49
133446152,0.43,1.18,-9.96
133449812,0.43,1.10,-9.61
133453476,0.47,1.45,-9.81
133457140,0.47,1.18,-9.92
133460812,0.43,1.61,-9.45
133464484,0.43,1.61,-9.26
133468144,0.27,1.80,-9.69
133471820,0.20,1.69,-9.85
133475492,0.35,1.57,-9.41
133479160,0.16,1.49,-9.96
133482824,0.24,1.37,-10.12
133486552,0.16,1.53,-10.04
133490284,0.12,1.45,-10.04
133494016,0.08,1.29,-10.63
133497732,0.04,1.18,-10.28
133501460,0.12,1.29,-10.32
133505180,0.00,1.37,-10.98
133508896,0.16,1.49,-10.75
133512620,0.08,1.29,-10.28
133516344,0.20,1.37,-10.63
133520060,0.12,1.57,-9.85
133523720,0.24,1.77,-9.77
133527392,0.35,1.77,-10.08
133531120,0.31,1.69,-9.77
133534788,0.51,1.77,-9.69
133538460,0.39,1.49,-9.53
133542116,0.55,1.29,-9.65
133545788,0.47,1.22,-9.96
133549456,0.51,1.26,-9.57
133553120,0.47,1.29,-9.49
133556800,0.51,1.29,-10.08
133560512,0.51,1.06,-9.85
133564172,0.47,0.82,-9.30
133567828,0.43,0.90,-9.73
133571488,0.51,1.22,-9.85
133575160,0.27,1.29,-9.65
133578816,0.27,1.61,-9.57
133582488,0.24,1.57,-10.04
133586212,0.24,1.65,-9.81
133589892,0.35,1.53,-10.28
133593616,0.35,1.41,-10.67
133597340,0.16,1.29,-10.40
133601068,0.08,1.65,-10.67
133604796,0.04,1.49,-10.43
133608504,0.27,1.53,-10.36
133612232,0.04,1.41,-10.32
133615948,0.08,1.49,-10.67
133619668,0.08,1.57,-10.71
133623392,0.08,2.00,-10.87
133627104,0.04,1.77,-10.75
133630820,0.12,1.61,-10.79
133634560,0.24,1.77,-10.40
133638284,0.24,1.73,-10.59
133642016,0.20,1.80,-10.32
133645728,0.24,1.96,-10.55
133649464,0.20,2.04,-10.12
133653180,0.24,1.80,-10.32
133656908,0.24,1.57,-10.12
133660636,0.47,1.49,-10.00
133664356,0.35,1.45,-10.36
133668076,0.39,1.18,-9.57
133671736,0.35,1.06,-9.81
133675400,0.31,0.75,-9.89
133679072,0.43,0.75,-10.16
133682808,0.35,0.51,-10.04
133686524,0.47,0.98,-10.24
133690240,0.55,0.94,-9.92
133693904,0.51,1.26,-9.41
133697568,0.51,1.37,-10.20
133701280,0.31,1.45,-9.77
133704936,0.27,1.57,-9.30
133708604,0.20,1.61,-10.20
133712324,0.24,1.88,-10.20
133716044,0.16,1.61,-10.51
133719780,0.16,1.37,-9.65
133723460,0.24,1.26,-10.20
133727180,0.20,1.61,-10.08
133730908,0.08,1.45,-10.63
133734628,0.08,1.49,-10.67
133738336,0.08,1.73,-10.71
133742064,0.16,1.69,-10.83
133745800,0.27,1.73,-10.32
133749528,0.16,1.45,-10.12
133753256,0.20,1.41,-10.32
133756984,0.16,1.57,-10.83
133760708,0.24,1.41,-10.36
133764456,0.20,1.29,-10.16
133768172,0.20,1.37,-10.32
133771904,0.12,1.33,-10.28
133775628,0.20,1.22,-10.28
133779372,0.12,1.18,-10.08
133783096,0.24,1.18,-9.89
133786776,0.24,1.33,-9.96
133790452,0.20,1.49,-10.24
133794168,0.20,1.37,-9.96
133797832,0.24,1.14,-10.20
133801552,0.27,1.14,-10.04
133805272,0.24,0.75,-9.49
133808928,0.27,1.22,-9.65
133812596,0.20,1.22,-9.69
133816252,0.31,1.14,-9.34
133819920,0.31,1.18,-9.65
133823584,0.43,1.18,-9.77
133827248,0.35,1.26,-9.61
133830916,0.43,1.45,-9.61
133834580,0.47,1.41,-10.08
133838296,0.47,1.53,-9.57
133841964,0.39,1.77,-9.85
133845624,0.43,2.08,-9.96
133849276,0.51,2.00,-9.85
133852928,0.20,1.45,-9.81
133856588,0.43,1.41,-9.81
133860264,0.39,1.45,-9.85
133863928,0.27,1.26,-10.16
133867656,0.31,1.22,-10.16
133871384,0.27,0.90,-10.20
133875092,0.27,1.26,-10.59
133878824,0.27,1.22,-10.40
133882536,0.12,1.37,-9.92
133886208,0.16,1.18,-10.00
133889920,0.12,1.37,-10.51
133893640,0.16,1.45,-9.92
133897304,0.12,1.45,-10.08
133901024,0.24,1.45,-10.04
133904748,0.20,1.10,-9.85
133908416,0.16,1.73,-9.89
133912088,0.08,1.18,-10.00
133915800,0.24,1.10,-9.92
133919476,0.16,1.22,-10.28
133923212,0.24,1.26,-10.28
133926944,0.16,1.26,-10.47
133930668,0.20,1.06,-10.51
133934384,0.12,0.55,-10.36
133938108,0.27,0.39,-10.08
133941828,0.24,0.86,-10.20
133945544,0.16,0.78,-10.04
133949256,0.16,0.67,-9.92
133952920,0.24,0.78,-9.89
133956580,0.04,0.63,-10.00
133960276,0.00,0.31,-9.81
133963928,0.16,0.31,-8.90
133967588,-0.04,0.16,-8.59
133971260,0.08,0.24,-8.39
133974912,0.04,0.82,-8.59
133978548,0.00,-0.63,-8.98
133982216,-4.08,-1.53,-5.88
133985912,-9.41,80.30,43.82
133989696,57.98,80.30,24.60
133993528,80.30,-15.69,-80.34
133997384,22.28,-77.00,33.89
134001228,-80.34,12.59,-80.34
134005104,-80.34,-22.56,80.30
134008976,-80.34,-80.34,80.30
134012860,-26.48,-36.68,77.79
134016732,80.30,-29.66,49.39
134020600,33.58,-77.32,80.30
134024456,80.30,-15.42,48.52
134028312,-56.88,-80.34,1.57
134032124,-80.34,80.30,80.30
134035964,-80.34,-72.22,80.30
134039832,80.30,80.30,-59.55
134043692,-80.34,60.84,-80.34
134047552,-6.79,-9.53,17.93
134051316,23.14,19.73,18.20
134055140,8.04,34.44,2.86
134058848,-5.92,39.11,5.45
134062592,14.63,42.68,-14.83
134066448,10.87,32.56,1.33
134070212,3.69,16.59,0.75
134073924,1.57,1.26,-6.00
134077592,-0.04,-4.47,-1.77
134081284,-2.59,-19.81,-18.32
134085104,-7.30,9.45,-4.16
134088796,-0.16,-16.63,-14.87
134092620,-9.06,-0.94,-1.57
134096312,0.94,-7.14,-17.77
134100052,-10.20,6.20,-22.59
134103848,-1.53,-1.65,-21.26
134107608,-5.45,-1.10,-21.85
134111372,-6.32,-1.45,-22.32
134115144,-5.73,-0.24,-22.83
134118900,-6.28,-6.55,-21.97
134122668,-5.10,-6.98,-10.87
134126436,-16.08,-8.36,-21.38
134130252,-5.02,-8.59,-20.67
134134012,-5.45,-6.51,-17.81
134137788,-5.37,-9.22,-15.73
134141560,-5.81,-6.39,-15.77
134145328,-4.28,-9.45,-16.79
134149088,0.90,-9.69,-8.20
134152772,-4.16,-2.51,-12.59
134156536,-1.45,0.78,-12.55
134160264,-1.18,-2.28,-9.92
134163960,-3.10,-2.12,-8.75
134167660,0.08,-2.04,-9.38
134171320,0.78,-2.51,-9.38
134175008,0.71,-3.14,-8.55
134178684,2.12,-2.20,-7.06
134182368,2.39,-1.02,-7.65
134186044,2.16,1.10,-5.96
134189708,4.00,10.87,-6.55
134193428,7.22,3.18,-0.04
134197084,1.77,6.75,-5.41
134200760,3.73,8.39,-6.86
134204440,3.02,7.18,-6.32
134208100,2.94,8.32,-6.86
134211776,2.63,9.26,-6.63
134215460,2.98,9.38,-6.86
134219132,2.90,8.55,-6.94
134222788,2.82,7.65,-6.94
134226456,2.63,6.67,-7.57
134230132,2.67,5.30,-7.69
134233792,2.51,4.04,-7.69
134237456,2.16,3.22,-8.20
134241120,1.84,2.08,-8.20
134244776,1.84,2.04,-8.94
134248444,1.41,1.61,-9.34
134252128,1.18,1.26,-10.12
134255868,1.06,1.06,-9.92
134259516,0.86,0.67,-10.24
134263240,0.55,0.08,-10.67
134266952,0.47,-1.06,-10.75
134270684,0.24,-2.04,-10.94
134274428,0.20,-2.71,-11.41
134278176,-0.59,-2.94,-11.89
134281932,-0.78,-2.98,-12.55
134285688,-0.75,-3.88,-11.92
134289460,-0.90,-3.69,-12.24
134293208,-1.06,-3.18,-12.43
134296968,-0.78,-2.35,-12.24
134300728,-0.90,-1.10,-12.63
134304480,-0.86,-0.47,-11.96
134308232,-0.67,1.02,-11.92
134311972,-0.55,1.45,-13.26
134315716,-0.35,1.92,-13.26
134319468,-0.27,2.79,-13.85
134323216,-0.12,3.49,-13.93
134326944,-0.27,3.69,-12.91
134330688,-0.20,4.31,-13.34
134334436,-0.20,4.71,-13.22
134338188,-0.20,4.71,-12.75
134341924,-0.04,4.94,-12.51
134345656,-0.16,4.04,-12.12
134349408,0.24,4.31,-12.12
134353132,0.47,4.12,-11.89
134356860,-0.59,4.20,-11.65
134360588,0.67,1.69,-11.26
134364324,0.39,1.06,-9.81
134367988,0.31,1.10,-10.24
134371708,0.35,1.57,-10.00
134375432,0.27,1.02,-9.49
134379092,0.04,1.26,-9.41
134382764,0.27,1.45,-9.22
134386436,0.75,1.33,-9.65
134390112,0.90,1.77,-9.06
134393784,0.39,0.75,-8.90
134397440,0.55,0.82,-8.90
134401092,0.31,0.27,-8.71
134404756,0.39,0.27,-8.59
134408416,0.16,-0.51,-8.94
134412092,0.12,-0.24,-8.98
134415764,0.00,-0.12,-9.10
134419428,0.20,0.27,-9.73
134423080,0.08,0.98,-9.49
134426724,0.16,1.53,-9.77
134430384,0.31,2.16,-9.89
134434052,0.47,2.24,-9.65
134437708,0.59,2.90,-9.96
134441360,0.71,3.14,-9.57
134445024,0.86,3.02,-9.92
134448680,0.75,3.30,-10.16
134452420,0.67,2.90,-10.71
134456136,0.98,3.88,-10.47
134459856,0.98,3.30,-10.24
134463568,1.10,2.75,-10.79
134467288,0.67,3.30,-10.16
134471028,0.71,3.53,-11.41
134474768,0.55,3.45,-10.71
134478488,0.35,3.49,-11.06
134482204,0.08,2.86,-11.34
134485932,0.16,2.67,-11.10
134489656,0.16,2.12,-10.63
134493384,0.31,1.80,-10.75
134497104,0.43,1.53,-10.63
134500844,0.27,1.29,-10.55
134504568,0.24,0.82,-10.36
134508296,0.12,0.20,-10.16
134512008,-0.04,0.00,-10.67
134515728,-0.24,-0.71,-10.63
134519476,-0.08,-0.67,-10.83
134523208,0.00,-0.71,-9.92
134526876,0.04,-0.90,-10.16
134530600,0.16,-0.04,-9.89
134534288,0.12,0.31,-10.47
134538012,0.24,0.20,-10.12
134541740,0.24,0.90,-10.28
134545464,0.12,0.27,-10.40
134549188,0.08,0.67,-10.67
134552900,0.04,1.26,-10.47
134556616,0.16,1.84,-10.36
134560352,0.20,2.43,-10.24
134564064,0.20,2.63,-9.96
134567724,0.39,3.22,-10.04
134571444,0.24,3.84,-9.18
134575112,0.31,3.65,-9.26
134578784,0.20,3.26,-9.45
134582448,0.12,3.18,-9.81
134586112,0.12,2.67,-9.96
134589776,0.35,2.16,-10.36
134593500,0.35,2.04,-9.81
134597168,0.31,2.16,-10.12
134600888,0.59,2.51,-9.92
134604548,0.55,2.59,-10.12
134608272,0.16,2.16,-9.96
134611940,0.04,1.77,-10.28
134615668,0.04,1.73,-10.32
134619392,0.08,1.10,-9.85
134623048,0.04,0.71,-10.47
134626768,0.04,0.39,-10.20
134630472,0.35,0.67,-10.32
134634200,0.31,1.06,-10.24
134637940,0.39,0.47,-10.20
134641656,0.04,0.31,-10.51
134645360,0.00,0.55,-10.47
134649048,0.00,0.27,-10.40
134652764,0.04,0.20,-10.83
134656480,0.12,0.43,-10.71
134660196,0.20,0.63,-10.79
134663908,0.24,1.29,-10.87
134667640,-0.12,2.00,-10.94
134671352,0.00,2.43,-11.10
134675068,-0.20,3.22,-11.41
134678796,-0.27,3.30,-11.53
134682548,-0.20,2.63,-11.30
134686288,-0.31,2.28,-11.02
134690028,-0.43,2.04,-11.57
134693760,0.04,1.73,-11.26
134697476,-0.16,1.80,-10.75
134701208,0.00,2.08,-10.59
134704908,0.04,1.92,-9.96
134708568,0.04,2.04,-10.32
134712280,0.04,1.53,-10.36
134716012,0.12,1.53,-10.08
134719740,0.24,1.80,-10.63
134723456,0.63,1.14,-10.12
134727180,0.63,1.29,-9.26
134730856,0.78,0.86,-9.34
134734496,0.86,0.27,-9.18
134738168,0.82,0.08,-9.26
134741832,0.94,-0.31,-8.63
134745504,0.90,-0.63,-8.79
134749180,0.78,-0.43,-8.83
134752868,0.78,-0.71,-8.79
134756544,0.63,0.08,-8.39
134760196,0.67,0.08,-8.83
134763856,0.90,0.63,-8.55
134767500,0.43,0.71,-8.79
134771176,0.39,1.22,-8.43
134774856,0.39,1.77,-9.26
134778512,0.31,2.16,-8.98
134782176,0.08,2.59,-9.06
134785836,0.04,2.51,-9.73
134789492,0.12,2.63,-9.92
134793164,0.08,2.75,-9.89
134796816,0.00,2.63,-10.24
134800520,0.04,2.71,-10.40
134804236,0.08,2.39,-10.40
134807936,0.00,2.16,-10.04
134811640,0.12,1.69,-10.51
134815368,0.04,1.65,-11.02
134819084,0.12,0.94,-10.67
134822820,0.12,0.94,-10.79
134826520,0.00,0.86,-11.41
134830228,0.04,0.63,-11.14
134833944,0.24,0.98,-11.06
134837656,0.31,0.86,-10.71
134841396,0.16,0.82,-10.75
134845116,0.12,1.14,-10.59
134848844,0.08,0.82,-10.90
134852552,0.12,0.75,-11.06
134856280,0.08,0.51,-10.32
134859988,0.00,0.71,-10.83
134863696,0.12,0.90,-9.96
134867356,0.04,0.94,-10.04
134871056,0.27,1.26,-9.57
134874728,0.27,1.49,-9.53
134878404,0.20,1.69,-9.22
134882068,0.20,1.45,-9.38
134885740,0.27,1.77,-9.69
134889416,0.20,1.61,-9.81
134893076,0.31,1.61,-9.69
134896748,0.27,1.77,-9.41
134900412,0.51,1.29,-9.45
134904076,0.59,1.26,-9.38
134907748,0.59,1.73,-9.22
134911424,0.39,1.61,-9.73
134915100,0.27,1.53,-10.24
134918824,0.24,1.14,-9.73
134922488,0.27,0.98,-9.85
134926152,0.16,1.53,-9.53
134929828,0.20,1.77,-10.08
134933552,0.16,1.57,-10.12
134937276,0.35,1.88,-10.16
134941004,0.24,2.04,-9.73
134944676,0.35,1.88,-9.89
134948340,0.27,1.77,-9.30
134952008,0.31,1.65,-9.49
134955664,0.20,1.02,-9.96
134959332,0.20,0.90,-9.92
134962984,0.08,1.02,-9.81
134966644,0.08,0.94,-9.96
134970292,0.20,0.51,-9.96
134973948,0.24,0.86,-9.73
134977608,0.35,0.55,-10.08
134981320,0.27,0.71,-9.61
134984984,0.16,0.82,-9.96
134988644,0.12,1.02,-10.00
134992368,0.04,1.45,-10.00
134996072,0.08,1.49,-10.87
134999792,0.04,2.04,-10.47
135003496,0.00,2.04,-10.75
135007204,0.04,1.88,-10.83
135010920,0.20,2.16,-10.40
135014648,0.08,2.24,-10.59
135018376,0.08,1.96,-10.40
135022088,0.16,1.73,-10.83
135025828,0.08,0.71,-10.08
135029544,0.16,0.90,-10.40
135033252,0.35,1.22,-10.63
135036984,0.16,1.14,-10.24
135040720,0.43,1.02,-9.73
135044388,0.31,1.29,-9.89
135048056,0.35,1.45,-9.77
135051732,0.31,1.33,-9.85
135055416,0.24,1.14,-10.12
135059156,0.24,0.86,-10.24
135062892,0.24,0.94,-10.51
135066616,0.20,0.98,-10.43
135070336,0.20,0.90,-10.71
135074052,0.16,0.90,-10.71
135077768,0.16,1.26,-10.71
135081500,0.16,1.37,-10.90
135085228,0.08,1.96,-10.59
135088944,0.08,1.73,-11.06
135092656,0.04,1.65,-10.32
135096384,-0.04,1.77,-10.59
135100116,-0.16,1.84,-11.14
135103864,0.04,1.45,-10.32
135107588,0.04,1.41,-10.43
135111308,0.16,1.14,-10.00
135115020,0.24,1.26,-9.77
135118684,0.16,1.14,-9.49
135122360,0.20,1.26,-9.96
135126028,0.16,1.18,-9.41
135129704,0.08,0.90,-10.16
135133420,0.12,0.86,-9.96
135137076,0.20,0.71,-9.92
135140744,0.08,0.78,-10.04
135144456,0.16,0.71,-10.43
135148172,0.27,0.75,-10.32
135151896,0.24,0.98,-10.40
135155620,0.16,1.41,-10.28
135159360,0.04,1.49,-10.59
135163072,0.20,1.65,-10.83
135166800,0.16,1.45,-10.43
135170524,0.08,1.33,-10.71
135174240,0.08,1.10,-10.43
135177956,0.16,1.57,-10.59
135181688,0.24,1.49,-10.51
135185428,0.31,1.18,-10.16
135189160,0.16,0.94,-10.12
135192880,0.20,0.86,-9.69
135196532,0.27,0.75,-9.92
135200192,0.16,1.02,-9.89
135203856,0.16,1.10,-9.96
135207516,0.24,1.02,-9.92
135211184,0.24,0.90,-9.81
135214844,0.20,1.06,-10.32
135218560,0.16,1.22,-10.04
135222292,0.16,1.41,-10.32
135226012,-0.16,1.57,-10.75
135229752,0.04,1.77,-10.24
135233464,0.00,1.80,-10.43
135237168,0.04,1.61,-10.43
135240888,0.27,1.88,-10.51
135244612,0.20,1.65,-10.63
135248332,0.24,1.49,-10.24
135252052,0.24,1.18,-10.24
135255788,0.31,1.18,-10.59
135259512,0.35,0.98,-10.04
135263220,0.27,0.98,-10.04
135266936,0.27,0.55,-9.49
135270596,0.43,1.22,-10.28
135274320,0.24,1.53,-10.24
135278056,0.31,1.26,-10.24
135281780,0.27,1.57,-9.61
135285444,0.20,1.53,-10.20
135289156,0.16,1.22,-10.00
135292868,0.20,1.02,-9.53
135296528,0.12,0.75,-10.28
135300256,0.16,0.98,-10.55
135303972,0.24,0.67,-10.00
135307684,0.24,1.10,-10.32
135311416,0.31,1.06,-9.92
135315068,0.16,1.49,-10.32
135318804,0.08,1.45,-10.20
135322520,0.16,1.61,-10.24
135326252,0.12,1.53,-10.04
135329976,0.20,1.49,-9.81
135333632,0.20,1.49,-10.00
135337344,0.16,1.45,-10.24
135341076,0.27,1.57,-10.12
135344800,0.12,1.26,-10.00
135348516,0.16,1.29,-10.16
135352248,0.24,1.22,-9.89
135355920,0.24,1.14,-10.24
135359656,0.31,0.94,-9.92
135363316,0.27,1.29,-10.20
135367036,0.43,1.77,-10.24
135370760,0.55,1.45,-9.89
135374432,0.43,1.26,-9.96
135378100,0.47,0.98,-10.00
135381816,0.39,0.94,-9.53
135385460,0.55,0.82,-9.34
135389132,0.47,1.02,-9.30
135392788,0.55,0.67,-9.14
135396448,0.47,0.78,-9.30
135400096,0.47,0.75,-9.30
135403756,0.43,0.51,-9.38
135407416,0.47,1.10,-9.85
135411072,0.43,1.26,-9.77
135414740,0.47,1.14,-9.89
135418408,0.51,1.33,-10.36
135422148,0.43,1.37,-9.96
135425820,0.43,1.33,-10.36
135429544,0.31,1.33,-10.28
135433276,0.16,1.26,-10.43
135436996,0.27,1.45,-10.36
135440728,0.20,1.53,-10.36
135444452,0.20,1.69,-10.47
135448176,0.24,1.65,-10.63
135451896,0.27,1.77,-10.00
135455612,0.24,1.53,-10.55
135459336,0.12,1.18,-9.89
135463008,0.16,1.02,-10.08
135466724,0.20,0.59,-10.28
135470456,0.12,0.90,-10.40
135474164,0.31,0.98,-9.92
135477832,0.35,0.75,-9.85
135481496,0.27,0.90,-10.12
135485220,0.35,0.94,-10.24
135488940,0.43,1.06,-9.85
135492596,0.47,0.67,-9.65
135496256,0.51,0.98,-9.77
135499928,0.47,0.63,-9.81
135503600,0.63,0.75,-9.45
135507260,0.43,1.02,-9.65
135510924,0.55,1.18,-9.53
135514596,0.55,1.37,-10.16
135518316,0.55,1.37,-9.77
135521976,0.63,1.26,-9.77
135525640,0.51,1.49,-9.49
135529300,0.35,1.33,-9.89
135532976,0.59,1.33,-10.12
135536708,0.31,1.02,-9.89
135540376,0.27,1.29,-10.04
135544096,0.39,1.49,-10.12
135547824,0.39,1.53,-9.92
135551480,0.35,1.73,-9.61
135555152,0.31,2.00,-10.12
135558872,0.39,2.04,-10.12
135562604,0.31,2.04,-10.28
135566328,0.39,1.57,-10.12
135570052,0.24,1.33,-10.43
135573788,0.31,1.49,-10.75
135577516,0.27,1.33,-10.20
135581248,0.31,1.37,-10.43
135584984,0.39,1.37,-10.79
135588716,0.24,1.29,-10.40
135592440,0.27,0.71,-10.20
135596168,0.47,0.90,-10.16
135599876,0.31,0.55,-9.92
135603552,0.31,0.78,-9.92
135607216,0.27,0.71,-9.69
135610880,0.35,1.06,-10.32
135614604,0.27,0.98,-10.43
135618316,0.27,1.10,-9.73
135621992,0.20,0.98,-10.43
135625720,0.16,0.75,-10.51
135629440,0.20,1.06,-10.28
135633156,0.16,0.67,-10.43
135636876,0.08,0.59,-10.32
135640592,0.16,0.86,-10.59
135644316,0.08,0.90,-10.16
135648024,0.12,1.02,-10.51
135651748,0.12,1.10,-10.55
135655476,0.20,1.45,-10.28
135659192,0.12,1.84,-9.89
135662860,0.08,2.16,-10.08
135666572,0.24,2.31,-9.96
135670248,0.04,2.08,-10.32
135673968,0.12,2.00,-10.04
135677672,0.12,1.84,-9.65
135681344,0.20,1.73,-10.47
135685060,0.20,1.33,-10.08
135688792,0.20,1.45,-10.32
135692512,0.31,1.45,-10.67
135696236,0.43,1.33,-10.24
135699968,0.31,1.33,-10.75
135703708,0.27,1.73,-10.04
135707432,0.31,1.65,-10.20
135711144,0.27,1.53,-9.65
135714824,0.35,1.29,-10.12
135718532,0.27,1.14,-10.00
135722248,0.43,1.37,-10.08
135725976,0.39,0.94,-9.65
135729648,0.51,0.94,-10.08
135733368,0.31,0.78,-9.85
135737028,0.27,0.59,-10.12
135740748,0.35,0.71,-10.32
135744480,0.35,0.94,-10.16
135748208,0.35,0.82,-10.04
135751928,0.27,1.06,-10.04
135755636,0.55,1.10,-10.24
135759364,0.31,1.29,-9.81
135763032,0.24,1.45,-9.53
135766700,0.16,1.49,-9.85
135770368,0.24,1.53,-9.65
135774040,0.31,1.26,-10.08
135777780,0.24,1.33,-10.12
135781512,0.20,1.10,-9.85
135785168,0.24,1.33,-10.12
135788912,0.47,1.29,-10.40
135792636,0.16,1.37,-10.28
135796372,0.12,1.41,-10.59
135800092,0.16,1.26,-10.32
135803832,0.04,1.10,-10.36
135807556,0.12,1.29,-10.71
135811288,0.12,1.45,-10.55
135815012,-0.08,1.22,-10.40
135818748,0.31,1.18,-10.59
135822488,0.20,1.10,-9.61
135826140,0.27,1.10,-10.32
135829872,0.12,1.02,-10.12
135833596,0.35,1.29,-10.08
135837304,0.27,1.02,-9.92
135840964,0.27,1.45,-9.96
135844620,0.27,1.41,-9.65
135848288,0.51,1.26,-10.00
135852008,0.35,1.49,-10.24
135855740,0.20,1.61,-9.92
135859404,0.31,1.41,-10.47
135863132,0.24,1.18,-10.24
135866864,0.27,1.22,-10.32
135870592,0.35,1.02,-9.81
135874268,0.31,0.98,-10.28
135878004,0.35,1.10,-10.12
135881724,0.24,1.29,-10.51
135885452,0.24,1.41,-10.47
135889180,0.20,1.41,-10.12
135892920,0.12,1.53,-10.24
135896652,0.27,1.45,-10.04
135900372,0.24,1.18,-9.96
135904044,0.20,1.29,-10.08
135907752,0.27,1.10,-10.71
135911484,0.04,1.10,-10.16
135915196,0.16,0.94,-9.45
135918860,0.20,0.82,-9.65
135922516,0.16,1.02,-9.89
135926172,0.27,0.63,-9.85
135929836,0.24,1.02,-9.85
135933508,0.12,0.94,-9.85
135937176,0.04,0.90,-9.85
135940824,0.12,1.26,-10.04
135944556,0.16,1.26,-10.20
135948280,0.20,1.26,-9.96
135951956,0.08,1.02,-10.08
135955664,0.24,0.20,-9.53
135959332,0.24,0.27,-9.26
135963000,0.59,-21.69,-22.56
135966804,-8.51,1.80,-11.26
135970548,60.72,73.28,-80.34
135974404,-80.34,-48.84,-25.97
135978288,-26.79,80.30,-32.56
135982144,-53.94,80.30,-6.90
135985948,-32.05,80.30,-62.25
135989812,-80.34,-60.49,80.30
135993700,10.16,36.48,44.91
135997540,-28.16,-80.34,74.22
136001404,8.39,-80.34,77.98
136005204,-12.08,-80.34,80.30
136009072,-35.85,-80.34,79.90
136012944,75.43,-80.34,59.11
136016812,-80.34,-80.34,-15.81
136020704,-12.83,19.57,32.32
136024572,80.30,2.16,80.30
136028352,-1.73,17.53,35.62
136032168,10.43,50.60,16.59
136035996,18.36,27.85,10.32
136039824,1.41,42.87,1.33
136043544,-3.92,41.62,3.61
136047272,2.98,40.95,-3.49
136050996,-3.88,25.54,-1.06
136054728,-7.34,21.61,-9.89
136058492,-2.00,14.67,-5.81
136062224,-0.43,9.85,-14.67
136065972,-5.57,-16.63,-4.28
136069736,76.26,1.84,-33.42
136073540,-14.63,-20.99,-32.17
136077420,-2.24,-0.04,-28.95
136081172,-12.59,-10.36,-24.09
136085060,5.06,10.55,-22.79
136088836,-10.00,-7.65,-30.91
136092644,-10.00,0.75,-34.13
136096436,-16.24,3.84,-24.60
136100224,-9.14,-3.53,-22.52
136103996,-5.18,-7.85,-22.95
136107760,-6.08,-7.34,-21.46
136111512,-5.18,-8.32,-17.34
136115276,-5.22,-8.20,-15.30
136119032,-0.67,-8.16,-15.65
136122800,-2.43,-4.20,-13.77
136126556,-1.88,-8.43,-12.83
136130328,-0.86,-7.34,-10.98
136134096,0.04,-7.34,-11.57
136137824,0.51,-5.88,-9.34
136141504,2.47,-3.77,-7.69
136145188,3.49,-0.78,-6.71
136148864,5.92,-0.55,-6.16
136152552,5.49,4.82,-4.00
136156216,3.65,-9.45,-2.63
136159900,5.37,6.55,-2.04
136163564,7.14,4.90,3.10
136167212,6.90,4.79,0.86
136170856,6.90,7.61,1.02
136174508,6.28,6.98,-0.04
136178164,6.94,7.92,-1.10
136181820,6.79,7.49,-1.88
136185472,6.43,6.98,-4.35
136189140,6.20,5.84,-5.10
136192796,5.30,5.06,-5.26
136196456,5.26,4.20,-5.92
136200116,5.14,3.53,-6.98
136203792,4.71,3.14,-7.22
136207456,4.08,2.47,-7.37
136211112,3.69,2.24,-7.22
136214792,3.30,2.59,-7.77
136218456,3.22,2.35,-8.00
136222112,3.14,2.43,-8.08
136225780,2.79,2.28,-8.87
136229452,2.31,2.00,-9.30
136233112,2.24,1.41,-9.18
136236792,2.16,0.31,-9.53
136240460,2.04,-0.31,-9.81
136244148,1.26,-0.27,-10.08
136247900,1.65,-2.24,-10.79
136251648,0.16,-3.22,-10.94
136255396,1.37,-2.94,-11.14
136259148,2.04,-3.65,-11.06
136262892,1.49,-4.04,-11.85
136266624,1.53,-3.41,-11.38
136270372,1.22,-2.35,-11.34
136274120,1.53,-0.55,-11.45
136277860,1.18,0.47,-12.28
136281596,0.90,1.49,-12.47
136285328,0.67,2.35,-12.98
136289052,0.82,2.75,-13.65
136292780,1.02,3.57,-13.57
136296504,1.10,4.16,-13.73
136300232,1.10,4.51,-13.26
136303952,1.22,5.30,-13.22
136307688,1.18,5.33,-13.06
136311412,1.37,4.90,-12.16
136315136,1.26,4.67,-12.04
136318856,1.61,4.04,-11.85
136322576,1.49,3.80,-10.98
136326300,1.53,4.16,-11.26
136330028,1.61,3.92,-10.67
136333756,1.61,4.08,-9.92
136337416,1.80,4.31,-10.28
136341132,1.73,3.96,-10.24
136344852,1.80,3.37,-9.96
136348508,1.88,2.82,-8.87
136352172,2.20,2.28,-8.20
136355828,2.20,1.69,-8.00
136359476,2.08,1.29,-8.24
136363136,2.12,1.14,-8.16
136366808,2.04,0.71,-7.45
136370464,1.92,0.67,-7.57
136374120,1.96,0.27,-7.96
136377784,1.73,-0.27,-7.88
136381472,1.73,-0.20,-7.73
136385144,1.57,0.27,-7.85
136388804,1.77,0.90,-8.20
136392448,1.53,1.96,-8.47
136396108,1.45,2.39,-9.26
136399788,1.26,2.82,-8.94
136403448,1.14,3.41,-9.34
136407112,1.10,3.10,-9.34
136410772,1.65,3.06,-9.30
136414420,0.63,2.90,-9.89
136418084,0.75,2.75,-9.65
136421760,0.43,3.37,-9.85
136425412,0.59,3.61,-10.67
136429144,0.35,3.18,-11.10
136432872,0.35,2.90,-10.59
136436588,0.24,2.16,-10.71
136440312,0.00,2.12,-10.98
136444020,0.16,2.08,-10.24
136447748,0.12,2.35,-10.55
136451468,0.12,2.00,-10.00
136455164,-0.16,1.33,-9.61
136458856,0.16,0.51,-9.18
136462512,0.00,0.20,-9.49
136466156,-0.04,0.35,-9.81
136469820,-0.04,0.98,-9.41
136473484,0.08,1.65,-9.89
136477132,0.00,2.12,-10.08
136480828,0.27,2.55,-10.24
136484552,0.51,3.45,-10.55
136488268,0.27,3.18,-11.22
136491996,0.39,2.86,-11.45
136495720,0.12,2.16,-11.41
136499456,0.08,2.31,-11.89
136503172,0.08,5.10,-11.10
136506888,-3.41,10.12,-15.10
136510684,3.30,2.04,-12.24
136514412,-0.16,2.16,-11.30
136518148,-0.39,0.71,-11.38
136521900,-0.27,0.24,-11.34
136525644,-0.04,-0.08,-11.34
136529376,0.00,-0.04,-11.38
136533100,-0.24,0.43,-11.18
136536832,-0.27,0.86,-11.61
136540564,-0.35,0.98,-11.22
136544312,-0.47,0.90,-10.71
136548040,-0.55,1.26,-11.02
136551784,-0.55,1.80,-10.47
136555512,-0.55,2.59,-10.75
136559252,-0.59,2.71,-10.28
136562992,-0.67,3.14,-10.04
136566736,-0.86,3.18,-10.67
136570476,-0.55,3.10,-10.83
136574204,-0.59,3.02,-10.94
136577944,-0.71,2.47,-11.38
136581688,-0.47,2.16,-12.04
136585424,-0.71,1.80,-12.12
136589160,-0.75,1.02,-12.16
136592900,-1.02,1.02,-12.00
136596632,-0.78,1.18,-12.43
136600376,-0.55,1.92,-11.81
136604120,-0.78,2.31,-11.45
136607876,-0.59,2.35,-10.83
136611620,-0.39,2.86,-10.47
136615356,-0.43,2.94,-10.36
136619096,-0.31,2.98,-9.53
136622776,-0.24,3.45,-9.77
136626460,-0.31,3.22,-9.65
136630140,-0.04,2.98,-9.30
136633812,0.04,2.90,-9.49
136637464,-0.12,3.02,-9.61
136641148,-0.12,3.14,-10.04
136644884,0.08,2.75,-9.89
136648528,0.00,2.16,-9.81
136652180,-0.27,2.39,-10.87
136655928,-0.27,1.65,-10.94
136659672,-0.12,1.37,-10.83
136663420,-0.20,1.14,-11.14
136667164,-0.27,0.71,-11.41
136670904,-0.27,0.31,-10.87
136674668,-0.08,0.08,-10.98
136678388,-0.16,0.08,-11.61
136682120,-0.20,-0.31,-11.26
136685876,-0.39,-0.47,-11.06
136689620,-0.43,-0.27,-11.26
136693376,-0.47,0.20,-10.94
136697096,-0.59,0.59,-10.71
136700844,-0.78,1.49,-11.45
136704592,-0.86,1.77,-10.79
136708340,-0.82,1.84,-11.34
136712084,-0.82,2.16,-11.14
136715820,-0.59,2.28,-11.22
136719560,-0.59,2.39,-10.51
136723308,-0.71,2.16,-10.87
136727060,-0.82,2.12,-11.02
136730804,-0.78,2.00,-11.02
136734524,-0.43,1.69,-11.26
136738268,-0.43,1.53,-11.02
136742004,-0.27,1.88,-10.98
136745752,-0.12,1.41,-10.83
136749476,0.00,1.69,-10.28
136753192,0.24,1.80,-10.43
136756916,0.24,1.96,-10.40
136760644,0.16,2.24,-9.57
136764332,0.16,2.16,-8.87
136768000,0.39,2.00,-9.30
136771660,0.35,1.69,-8.90
136775320,0.43,1.29,-8.87
136778980,0.55,1.18,-8.79
136782660,0.55,0.78,-8.67
136786324,0.27,0.55,-8.39
136789984,0.47,0.82,-8.87
136793664,0.20,0.82,-9.02
136797324,0.27,0.59,-9.61
136800988,0.16,0.67,-9.45
136804660,0.12,0.63,-9.61
136808332,0.12,0.75,-9.96
136812000,-0.04,0.90,-10.28
136815708,0.00,1.10,-10.90
136819396,0.00,0.75,-10.43
136823100,-0.12,0.94,-10.59
136826832,-0.04,1.53,-10.51
136830576,-0.20,1.88,-10.47
136834312,-0.04,2.16,-10.00
136838036,-0.08,2.31,-9.73
136841704,0.00,2.39,-9.96
136845348,0.00,2.24,-9.85
136848988,0.00,2.35,-10.28
136852680,0.00,2.04,-10.40
136856380,-0.04,1.84,-10.32
136860120,-0.08,2.31,-10.47
136863848,-0.12,2.08,-9.81
136867536,0.12,2.28,-10.43
136871272,0.08,2.08,-10.51
136874984,0.12,1.77,-10.08
136878720,0.24,1.41,-9.92
136882376,0.16,0.67,-10.12
136886096,0.16,0.27,-9.77
136889760,0.16,0.00,-10.24
136893472,0.24,0.04,-9.69
136897124,0.20,0.04,-10.04
136900828,0.27,0.08,-10.24
136904540,0.08,0.35,-9.96
136908176,0.00,0.31,-9.73
136911808,0.00,0.55,-10.00
136915500,-0.24,0.86,-9.89
136919184,-0.20,1.29,-10.08
136922916,-0.12,1.33,-9.45
136926596,-0.31,1.77,-10.00
136930348,-0.20,2.39,-10.36
136934080,-0.31,2.59,-9.57
136937764,-0.20,3.02,-9.92
136941436,-0.24,3.61,-10.04
136945176,-0.16,3.37,-9.92
136948868,-0.24,3.41,-10.28
136952608,-0.12,3.45,-10.79
136956344,-0.24,3.41,-10.59
136960088,-0.20,3.02,-10.83
136963812,-0.12,2.86,-10.75
136967544,0.00,2.47,-10.67
136971252,0.16,2.16,-10.71
136974976,0.04,1.49,-10.59
136978688,0.04,1.10,-10.43
136982400,0.20,1.06,-10.47
136986120,0.24,0.78,-10.12
136989848,0.12,0.59,-10.08
136993564,0.08,0.47,-9.92
136997220,0.08,0.00,-9.57
137000856,0.00,-0.04,-9.85
137004508,0.00,-0.63,-8.98
137008172,0.04,0.27,-9.26
137011828,0.08,0.16,-9.45
137015484,0.04,0.86,-9.53
137019128,0.04,1.22,-9.73
137022788,0.08,1.61,-9.49
137026432,0.00,1.57,-9.65
137030076,0.12,2.08,-9.53
137033736,0.00,2.39,-10.55
137037436,-0.04,2.90,-10.00
137041136,0.00,3.18,-10.94
137044844,-0.08,3.18,-10.75
137048572,-0.27,3.37,-10.67
137052328,-0.12,3.37,-10.51
137056076,-0.16,2.86,-10.36
137059828,-0.08,2.59,-10.24
137063568,-0.08,2.35,-10.20
137067304,-0.12,1.96,-10.47
137071048,-0.08,1.65,-10.47
137074780,-0.08,1.14,-10.28
137078508,0.08,1.10,-10.32
137082236,0.08,0.82,-10.36
137085948,0.04,1.02,-9.61
137089604,0.08,1.10,-9.96
137093256,0.12,1.10,-9.53
137096920,0.08,1.10,-9.45
137100572,0.12,1.14,-9.77
137104236,0.16,1.06,-9.53
137107904,0.04,1.45,-9.53
137111568,0.20,1.53,-9.06
137115236,0.20,1.53,-9.06
137118900,0.08,1.96,-9.92
137122552,0.24,1.84,-9.73
137126228,0.12,1.80,-9.65
137129900,0.20,1.69,-9.45
137133564,0.04,1.37,-10.12
137137296,0.08,1.33,-10.24
137141012,0.04,1.57,-10.24
137144736,0.04,1.65,-10.28
137148456,-0.04,1.84,-10.83
137152188,0.08,1.96,-10.90
137155896,0.08,2.00,-10.87
137159608,0.08,1.84,-10.40
137163336,0.12,2.00,-10.43
137167064,0.08,2.04,-10.47
137170776,0.12,1.84,-10.36
137174512,0.20,2.35,-10.20
137178228,0.12,1.77,-10.08
137181952,0.16,1.92,-10.20
137185668,0.20,1.88,-9.73
137189328,0.16,1.73,-9.69
137192992,0.39,1.57,-9.73
137196660,0.20,1.49,-9.85
137200320,0.20,1.45,-9.77
137203976,0.20,1.29,-9.69
137207644,0.20,1.18,-9.89
137211316,0.20,1.18,-9.34
137214984,0.20,1.41,-9.49
137218656,0.16,1.33,-10.08
137222372,0.12,1.26,-9.49
137226052,0.08,1.29,-10.28
137229764,0.08,1.26,-9.96
137233432,0.04,1.29,-10.24
137237124,0.00,1.33,-10.00
137240804,0.00,1.61,-10.83
137244500,0.00,1.73,-11.06
137248196,0.00,1.49,-10.63
137251908,-0.08,1.45,-10.24
137255644,-0.20,1.53,-10.40
137259384,-0.12,1.88,-10.51
137263128,-0.08,2.00,-10.20
137266848,-0.04,2.08,-10.28
137270572,-0.12,1.84,-10.24
137274320,-0.08,2.12,-10.32
137278068,-0.08,2.04,-10.59
137281796,-0.16,1.57,-10.32
137285520,0.00,1.18,-10.47
137289224,0.04,1.26,-9.89
137292888,0.04,1.29,-10.04
137296596,0.16,0.86,-9.69
137300264,0.20,1.02,-9.85
137303916,0.35,0.86,-9.26
137307584,0.35,0.47,-9.38
137311252,0.39,0.78,-9.73
137314912,0.35,0.55,-8.75
137318580,0.39,0.75,-9.30
137322232,0.51,0.82,-9.38
137325908,0.31,0.75,-8.87
137329588,0.24,1.06,-9.30
137333240,0.27,1.37,-10.04
137336960,0.24,1.37,-9.81
137340636,0.20,1.45,-10.08
137344360,0.16,1.69,-10.28
137348092,0.12,1.57,-10.00
137351808,0.08,2.12,-10.40
137355520,0.04,2.00,-9.89
137359160,0.00,1.84,-10.43
137362872,0.08,1.80,-10.04
137366568,0.00,1.84,-10.24
137370264,0.00,1.22,-10.16
137373984,0.04,0.63,-10.16
137377716,0.08,0.82,-10.79
137381432,0.04,1.18,-10.40
137385136,0.00,1.02,-10.51
137388848,-0.08,1.26,-10.12
137392584,-0.04,1.69,-10.40
137396320,-0.16,2.00,-10.43
137400064,-0.04,1.92,-10.94
137403792,-0.08,1.69,-10.59
137407516,0.00,2.16,-10.87
137411224,0.12,1.92,-10.59
137414940,-0.04,1.45,-9.96
137418628,0.04,1.49,-10.36
137422344,0.12,1.45,-10.12
137426076,0.16,1.61,-10.04
137429792,0.20,1.49,-9.73
137433460,0.20,1.41,-9.81
137437120,0.16,1.41,-9.81
137440784,0.27,1.53,-9.81
137444452,0.08,1.10,-9.53
137448096,0.24,1.18,-9.41
137451764,0.35,1.10,-9.41
137455432,0.16,0.90,-9.30
137459092,0.16,0.78,-9.61
137462760,0.12,0.78,-9.65
137466420,0.20,0.94,-9.65
137470076,0.08,0.71,-9.57
137473740,0.12,0.82,-10.00
137477448,0.04,1.18,-10.20
137481156,0.04,1.22,-10.00
137484884,-0.08,1.69,-10.28
137488620,-0.04,1.65,-9.92
137492304,-0.04,1.80,-10.55
137496052,-0.16,1.84,-10.47
137499784,0.00,1.77,-10.28
137503496,-0.16,2.31,-10.51
137507248,-0.16,1.88,-10.59
137510988,-0.27,2.24,-10.47
137514736,-0.20,2.43,-11.18
137518476,-0.08,2.35,-10.79
137522220,-0.08,2.47,-11.10
137525940,-0.16,2.16,-10.83
137529672,0.00,2.31,-11.34
137533384,-0.04,2.16,-11.06
137537124,-0.08,1.92,-10.67
137540860,0.12,1.69,-10.71
137544572,0.00,1.18,-10.28
137548296,-0.04,1.14,-10.16
137552048,0.04,0.71,-10.08
137555748,0.04,0.55,-9.96
137559400,0.04,0.98,-9.65
137563060,0.27,1.02,-9.65
137566736,0.20,0.94,-9.45
137570380,0.12,0.86,-9.49
137574036,0.27,1.18,-9.69
137577716,0.12,0.78,-9.65
137581372,0.12,0.78,-9.45
137585036,0.20,0.59,-9.89
137588704,0.20,0.55,-9.57
137592352,0.27,0.35,-9.73
137596032,0.20,1.10,-10.28
137599744,0.31,0.86,-9.61
137603412,0.12,1.33,-9.92
137607092,0.12,1.53,-9.57
137610752,0.31,1.77,-9.34
137614420,0.24,1.84,-9.61
137618080,0.24,2.16,-8.98
137621748,0.20,2.12,-9.85
137625416,0.16,2.24,-10.04
137629136,0.20,2.20,-10.20
137632848,0.08,2.04,-9.69
137636500,0.04,2.24,-10.28
137640224,0.20,2.12,-10.12
137643952,0.08,2.08,-10.24
137647672,0.04,2.00,-10.28
137651372,0.00,1.49,-10.28
137655076,0.12,1.26,-10.00
137658776,0.00,1.02,-10.32
137662484,0.12,0.67,-10.04
137666188,0.00,0.43,-9.53
137669828,0.00,0.43,-9.73
137673464,0.00,0.78,-10.12
137677172,0.04,0.82,-9.96
137680820,0.00,1.02,-10.12
137684504,0.00,1.18,-10.20
137688216,0.04,1.45,-10.08
137691924,0.04,1.33,-10.20
137695624,0.00,1.41,-10.20
137699336,0.16,1.18,-9.61
137703020,0.24,1.45,-10.20
137706744,0.12,1.88,-10.47
137710468,0.08,1.61,-10.43
137714192,0.12,1.88,-10.67
137717920,0.04,1.65,-10.36
137721640,0.08,1.65,-10.63
137725356,0.08,1.53,-10.20
137729072,0.04,1.45,-10.63
137732764,0.00,1.26,-10.55
137736476,0.04,1.53,-10.24
137740216,0.08,1.84,-10.36
137743940,0.08,1.92,-10.28
137747660,0.20,1.80,-10.28
137751368,0.04,1.65,-9.89
137755032,0.12,1.57,-9.81
137758704,0.12,1.65,-10.08
137762424,0.12,1.57,-9.38
137766088,0.20,1.49,-9.73
137769744,0.08,1.22,-9.65
137773412,0.08,1.33,-9.61
137777076,0.12,1.33,-9.61
137780744,0.12,1.14,-9.26
137784408,0.20,1.14,-9.77
137788060,0.04,1.10,-9.69
137791720,0.12,0.98,-9.73
137795372,0.12,0.82,-9.57
137799040,0.16,0.90,-9.69
137802700,0.12,0.59,-9.73
137806352,0.16,0.67,-10.04
137810076,0.31,0.67,-9.92
137813740,0.16,0.71,-10.08
137817464,0.12,1.10,-10.47
137821196,0.16,1.06,-10.00
137824900,0.20,1.41,-10.40
137828620,0.08,1.49,-10.28
137832336,0.04,1.26,-10.75
137836044,0.00,1.65,-10.98
137839756,0.08,2.16,-11.06
137843464,-0.04,2.28,-11.41
137847200,-0.08,2.04,-10.79
137850932,-0.04,2.16,-11.10
137854648,0.00,2.04,-11.49
137858332,0.00,1.77,-10.90
137862040,-0.04,1.33,-10.98
137865768,-0.12,1.10,-10.55
137869500,-0.04,0.86,-9.69
137873160,0.00,1.06,-10.24
137876868,0.24,1.33,-10.16
137880612,0.08,1.49,-9.92
137884260,0.00,1.77,-10.16
137887956,0.00,1.73,-10.00
137891656,0.04,1.73,-9.77
137895316,0.12,1.65,-10.36
137899044,0.16,1.45,-9.85
137902720,0.16,1.37,-10.04
137906436,0.43,1.18,-10.00
137910144,0.27,0.98,-9.57
137913804,0.20,0.59,-9.22
137917468,0.35,0.51,-9.53
137921132,0.27,0.51,-9.89
137924812,0.39,0.47,-9.73
137928476,0.47,0.90,-9.77
137932144,0.35,0.78,-9.89
137935812,0.31,0.94,-9.77
137939472,0.27,1.10,-10.12
137943196,0.20,1.22,-9.85
137946864,0.16,1.29,-9.96
137950528,0.16,1.29,-10.12
137954264,0.08,1.61,-9.96
137957924,0.04,1.80,-10.36
137961628,0.00,2.00,-10.20
137965308,0.00,2.20,-10.63
137969012,0.00,1.65,-10.20
137972720,0.04,2.04,-10.32
137976440,0.08,2.31,-10.32
137980168,0.08,1.96,-9.96
137983828,0.20,1.92,-10.36
137987560,0.16,1.80,-10.16
137991292,0.20,1.53,-10.08
137995004,0.27,1.41,-10.04
137998716,0.20,1.02,-9.89
138002368,0.16,1.14,-10.16
138006104,0.16,1.29,-10.20
138009828,0.16,1.10,-9.77
138013492,-0.04,1.22,-9.65
138017168,0.27,1.18,-9.73
138020840,0.12,1.14,-9.73
138024520,0.20,1.06,-9.65
138028188,0.16,0.86,-10.24
138031912,0.08,0.82,-10.04
138035612,0.08,0.82,-9.81
138039276,0.16,0.47,-9.77
138042944,0.16,0.71,-9.65
138046616,0.35,1.06,-9.81
138050280,0.20,0.90,-9.81
138053932,0.12,1.29,-10.12
138057652,0.27,1.57,-9.41
138061316,0.08,1.73,-10.20
138065028,0.12,1.92,-9.96
138068704,0.12,1.84,-10.08
138072428,0.16,2.08,-10.40
138076148,0.20,1.84,-10.12
138079872,0.08,2.12,-10.08
138083592,0.08,2.04,-10.08
138087300,0.08,2.04,-10.16
138091016,0.04,1.96,-10.00
138094724,0.08,1.80,-9.85
138098360,0.08,1.33,-9.85
138102032,0.16,1.06,-10.04
138105756,0.12,0.90,-10.16
138109480,0.20,1.18,-10.04
138113204,0.27,0.82,-10.04
138116912,0.16,0.98,-9.73
138120584,0.16,0.86,-10.32
138124316,0.20,1.02,-10.04
138128028,0.08,0.94,-10.32
138131728,0.00,1.10,-10.59
138135432,0.04,0.94,-10.47
138139144,0.04,1.57,-10.51
138142876,0.04,1.41,-10.28
138146600,-0.08,1.69,-10.63
138150316,0.00,1.84,-10.32
138154032,0.00,1.77,-10.83
138157720,0.00,1.73,-10.28
138161436,0.04,1.69,-10.67
138165156,0.00,1.57,-9.96
138168820,0.04,1.45,-10.00
138172524,0.08,1.57,-10.08
138176244,0.04,1.77,-10.63
138179960,0.04,1.65,-9.92
138183608,0.00,1.73,-10.12
138187304,0.00,1.53,-10.04
138191020,0.04,1.29,-9.85
138194688,0.08,1.65,-10.36
138198404,0.12,1.33,-10.43
138202140,0.04,1.37,-10.55
138205856,-0.16,1.02,-10.24
138209604,0.04,1.29,-10.79
138213316,0.04,1.29,-10.16
138217028,0.00,1.33,-10.59
138220736,0.04,1.49,-10.83
138224452,0.04,1.26,-10.36
138228188,0.12,1.22,-10.24
138231916,0.12,1.26,-10.04
138235636,0.04,1.49,-10.40
138239352,0.12,1.41,-10.00
138243064,0.12,1.22,-10.00
138246776,0.04,1.14,-9.57
138250436,0.16,1.29,-9.22
138254096,0.16,1.22,-9.89
138257772,0.20,1.49,-9.96
138261428,0.04,1.77,-9.77
138265076,0.00,2.16,-10.43
138268804,0.16,1.84,-10.20
138272520,0.04,1.65,-10.12
138276244,0.12,1.33,-10.47
138279976,0.12,0.98,-11.02
138283688,0.16,0.82,-10.55
138287412,0.04,0.43,-10.20
138291132,0.20,0.08,-10.04
138294848,0.24,0.43,-9.85
138298520,0.51,0.43,-9.77
138302180,0.20,0.27,-9.26
138305848,0.31,0.43,-9.22
138309504,0.27,0.59,-8.79
138313184,0.16,0.75,-9.02
138316852,0.12,0.82,-8.47
138320496,0.00,0.35,-8.94
138324140,0.00,0.55,-8.87
138327796,-0.04,0.35,-8.75
138331452,0.00,0.75,-8.67
138335104,0.04,-4.16,-15.06
138338836,-15.02,4.47,-14.40
138342628,8.71,21.89,-22.71
138346432,16.24,-21.61,-15.73
138350284,-3.18,0.00,-1.29
138353964,19.26,-15.06,-10.55
138357820,-6.35,3.96,-8.00
138361488,0.24,8.00,-3.69
138365148,4.08,7.37,-7.85
138368820,5.49,3.37,-9.02
138372480,6.51,-4.24,-10.51
138376240,3.41,-0.63,-11.69
138379972,-2.55,2.86,-11.65
138383724,-4.55,5.02,-11.14
138387472,1.41,5.57,-9.45
138391132,3.30,4.71,-5.22
138394812,3.53,3.30,-7.92
138398476,2.20,0.35,-9.02
138402148,0.27,-0.98,-10.90
138405876,-1.10,0.75,-13.10
138409608,-1.77,8.75,-15.26
138413348,-1.65,7.45,-15.69
138417084,-2.28,5.49,-17.69
138420840,-1.22,4.75,-20.08
138424584,-1.92,3.61,-22.01
138428332,-1.65,5.10,-24.01
138432064,-2.47,7.41,-23.93
138435812,-4.08,6.86,-24.32
138439548,-4.20,6.28,-22.67
138443284,-2.94,5.84,-20.63
138447028,-2.86,4.90,-18.55
138450760,-2.43,3.02,-16.99
138454512,-1.61,0.78,-15.22
138458268,-1.10,-2.24,-12.24
138462020,-0.55,-3.61,-10.43
138465768,0.00,-4.94,-8.87
138469432,0.90,-5.41,-6.71
138473096,1.73,-4.82,-5.02
138476780,2.35,-4.67,-3.30
138480460,3.02,-4.43,-2.79
138484148,3.53,-3.88,-1.69
138487840,4.12,-3.37,-2.16
138491520,4.31,-2.90,-2.47
138495204,4.35,-2.82,-3.41
138498884,4.67,-2.39,-3.45
138502572,4.39,-2.04,-2.79
138506264,4.86,-1.33,-1.14
138509948,4.90,-0.71,0.39
138513604,4.79,-0.16,0.90
138517268,4.82,0.55,0.59
138520904,4.67,1.02,-0.31
138524576,4.35,1.96,-0.82
138528252,4.04,2.82,-2.12
138531916,3.30,2.90,-3.30
138535576,2.79,3.37,-5.33
138539256,2.35,3.61,-6.43
138542920,1.69,4.28,-7.96
138546584,0.98,5.30,-10.63
138550312,0.43,6.43,-12.94
138554012,0.00,6.83,-14.04
138557712,-0.39,6.86,-15.65
138561460,-0.55,6.12,-15.61
138565216,-0.78,4.98,-15.22
138568944,-0.59,3.57,-14.67
138572688,-0.31,2.59,-14.59
138576428,-0.24,1.10,-13.49
138580152,-0.27,0.00,-12.55
138583872,-0.16,-0.75,-11.89
138587640,-0.04,-1.41,-11.89
138591396,-0.04,-1.41,-10.94
138595144,0.00,-0.86,-11.45
138598864,0.04,-0.71,-10.67
138602596,0.20,-0.51,-10.90
138606328,0.31,-0.12,-10.59
138610068,0.39,-0.08,-10.16
138613808,0.47,-0.08,-9.96
138617464,0.59,0.55,-10.71
138621184,0.71,0.59,-10.20
138624904,0.75,0.75,-10.28
138628640,0.94,1.33,-10.63
138632364,1.26,1.88,-9.96
138636032,1.14,2.20,-10.12
138639760,1.14,2.39,-10.08
138643480,1.06,2.98,-9.57
138647152,1.02,3.26,-10.00
138650856,0.90,3.26,-9.81
138654520,0.90,2.90,-9.53
138658168,0.82,3.26,-9.85
138661836,0.78,2.90,-9.38
138665492,0.98,2.43,-9.69
138669160,0.90,1.88,-8.94
138672808,0.82,1.96,-9.14
138676472,0.82,1.61,-8.67
138680148,0.75,1.73,-9.18
138683824,0.67,1.22,-8.94
138687496,0.78,0.98,-8.83
138691160,0.86,0.67,-8.90
138694824,0.67,0.55,-8.39
138698480,0.71,0.86,-8.87
138702148,0.67,0.67,-8.63
138705824,0.78,0.67,-8.94
138709484,0.82,0.71,-9.06
138713148,0.98,0.55,-8.51
138716808,1.18,0.16,-9.06
138720472,1.29,-0.04,-8.39
138724156,1.26,-0.12,-9.53
138727840,1.18,-0.04,-9.26
138731512,1.18,0.39,-10.36
138735244,1.14,0.35,-10.24
138738988,0.94,0.35,-10.24
138742712,0.63,1.10,-10.90
138746432,0.67,1.57,-11.49
138750156,0.51,1.96,-11.81
138753876,0.59,2.35,-12.16
138757612,0.43,2.24,-12.32
138761344,0.43,2.16,-12.28
138765068,0.27,2.12,-11.89
138768796,0.55,2.16,-12.28
138772532,0.16,2.04,-11.38
138776260,0.20,2.16,-11.65
138779992,0.43,1.96,-11.34
138783720,0.39,1.77,-10.87
138787452,0.55,1.49,-10.98
138791168,0.59,1.53,-10.90
138794880,0.86,2.04,-10.51
138798600,0.90,1.92,-10.79
138802324,0.86,1.77,-10.36
138806044,0.86,1.65,-10.51
138809776,0.94,1.37,-9.89
138813436,0.90,1.14,-9.92
138817104,0.94,1.22,-9.81
138820780,1.02,1.37,-9.77
138824444,1.02,1.37,-9.85
138828116,1.02,0.90,-9.30
138831784,0.67,0.63,-9.22
138835448,0.75,0.51,-8.59
138839116,0.94,0.43,-9.30
138842772,1.02,0.43,-9.61
138846436,1.10,0.43,-9.73
138850092,1.06,0.59,-9.49
138853752,0.98,0.90,-9.77
138857408,0.90,1.26,-9.22
138861064,1.02,1.10,-9.53
138864720,0.86,1.22,-9.41
138868376,0.86,1.73,-9.22
138872036,0.67,1.65,-9.81
138875700,0.86,1.92,-9.85
138879360,0.71,2.08,-10.43
138883084,0.63,2.12,-10.55
138886808,0.55,2.31,-10.43
138890540,0.47,2.39,-10.55
138894264,0.35,2.16,-11.14
138897996,0.55,2.59,-11.26
138901716,0.51,2.51,-11.22
138905448,0.47,2.28,-10.90
138909176,0.51,2.16,-11.02
138912908,0.67,2.00,-11.06
138916612,0.67,1.88,-10.51
138920336,0.71,1.92,-10.83
138924068,0.75,1.73,-10.16
138927800,0.67,1.65,-10.32
138931524,0.78,1.57,-9.77
138935192,0.63,1.33,-9.53
138938864,0.82,1.14,-10.00
138942576,0.86,1.06,-10.20
138946284,0.94,1.02,-9.65
138949940,0.94,1.02,-9.38
138953600,1.06,1.80,-10.16
138957312,0.78,1.53,-9.57
138960984,0.94,1.69,-10.00
138964696,0.94,1.88,-9.77
138968356,0.78,1.69,-9.96
138972020,0.90,1.77,-9.61
138975676,1.02,1.61,-9.77
138979348,0.94,1.65,-9.89
138983008,0.82,1.84,-9.96
138986676,0.75,1.88,-9.53
138990344,0.94,1.96,-9.53
138994004,0.98,1.69,-9.61
138997676,0.86,1.96,-10.36
139001400,0.67,1.57,-10.04
139005124,0.67,1.88,-10.20
139008840,0.63,1.88,-10.63
139012564,0.75,1.61,-9.85
139016244,0.86,1.26,-10.04
139019968,0.67,1.02,-10.16
139023684,0.67,0.71,-10.36
139027408,0.59,0.71,-10.08
139031140,0.63,0.94,-10.47
139034864,0.78,0.90,-10.04
139038572,0.78,0.55,-10.12
139042300,0.71,0.78,-10.08
139046024,0.78,0.90,-9.92
139049672,0.71,0.82,-9.69
139053320,0.82,1.26,-10.00
139057024,0.86,1.14,-9.89
139060696,0.75,1.06,-9.77
139064360,0.71,1.14,-9.22
139068024,0.67,1.26,-10.00
139071736,0.86,1.18,-10.55
139075460,0.67,1.18,-10.12
139079196,0.78,1.26,-10.32
139082932,0.90,1.26,-10.16
139086656,0.63,1.69,-10.79
139090380,0.78,1.77,-10.75
139094108,0.86,1.69,-10.55
139097820,0.59,1.57,-9.85
139101488,0.94,1.92,-9.92
139105144,0.82,1.92,-10.00
139108860,0.86,1.80,-10.16
139112580,0.90,1.92,-9.96
139116240,0.98,1.22,-9.61
139119904,0.98,1.84,-10.47
139123640,0.86,2.28,-10.12
139127376,1.02,1.88,-10.12
139131100,0.78,1.77,-10.47
139134828,0.90,1.73,-10.32
139138560,0.94,1.61,-10.47
139142296,0.94,1.45,-10.12
139146024,0.94,1.61,-10.12
139149752,0.82,1.22,-10.28
139153472,0.86,1.02,-10.47
139157204,0.94,1.26,-10.28
139160940,0.90,1.29,-10.16
139164664,0.75,1.33,-9.61
139168336,0.86,1.41,-10.08
139172052,0.78,1.57,-10.04
139175772,0.75,1.18,-9.85
139179444,0.75,1.10,-9.89
139183132,0.90,0.86,-10.08
139186832,0.78,0.71,-9.92
139190492,0.86,0.86,-10.12
139194212,0.82,1.02,-9.89
139197872,0.67,1.10,-10.04
139201592,0.82,1.10,-10.04
139205308,0.75,1.41,-10.40
139209032,0.75,1.49,-9.85
139212696,0.71,1.84,-10.40
139216432,0.75,1.80,-10.20
139220152,0.55,1.69,-10.24
139223872,0.59,2.00,-10.16
139227588,0.47,2.16,-10.00
139231296,0.63,2.16,-10.08
139235012,0.51,1.69,-9.53
139238676,0.55,1.84,-9.89
139242340,0.59,1.29,-9.69
139246004,0.71,1.29,-9.85
139249668,0.67,0.98,-9.81
139253320,0.67,0.98,-10.00
139257028,0.55,0.90,-10.08
139260732,0.63,0.98,-10.12
139264452,0.63,0.90,-9.85
139268116,0.63,0.86,-10.36
139271828,0.55,0.98,-10.51
139275548,0.59,1.37,-10.20
139279272,0.59,1.65,-10.47
139282984,0.59,1.88,-9.96
139286644,0.55,2.04,-9.85
139290288,0.67,2.04,-10.20
139294004,0.71,1.77,-10.04
139297716,0.63,1.69,-9.77
139301376,0.71,1.57,-10.04
139305104,0.67,1.22,-9.96
139308780,0.82,1.49,-10.20
139312500,0.86,1.22,-10.04
139316236,0.90,1.06,-10.20
139319928,1.06,1.22,-10.51
139323656,0.90,1.45,-9.89
139327304,0.82,1.69,-10.08
139331020,0.94,2.00,-9.92
139334684,0.78,2.39,-10.12
139338396,0.82,2.35,-9.57
139342056,0.71,2.43,-10.16
139345792,0.31,2.79,-10.32
139349528,1.02,1.02,-9.22
139353196,1.33,0.90,-9.14
139356844,0.67,-0.08,-9.81
139360508,3.92,3.92,-8.39
139364184,0.90,-0.98,-9.96
139367852,0.75,1.06,-9.45
139371516,0.47,2.04,-9.34
139375192,0.86,1.29,-10.12
139378912,1.02,0.67,-10.43
139382636,1.10,0.55,-10.59
139386364,0.82,0.20,-9.61
139390024,0.47,0.24,-9.96
139393676,0.98,-0.24,-9.53
139397344,-0.27,1.02,-10.00
139401064,0.47,1.02,-9.65
139404720,0.78,1.26,-9.89
139408392,0.51,1.26,-9.45
139412064,0.90,1.18,-9.38
139415736,0.59,0.55,-9.73
139419400,0.75,1.02,-10.55
139423124,1.18,0.78,-9.81
139426800,0.55,1.18,-10.04
139430528,0.59,1.57,-10.16
139434248,0.51,1.57,-10.47
139437976,0.31,1.73,-10.47
139441704,0.78,1.69,-10.16
139445432,0.67,1.69,-9.96
139449100,0.71,2.12,-9.41
139452784,0.20,1.88,-9.73
139456444,3.49,0.24,-18.87
139460176,2.59,7.61,-12.91
139463904,-0.63,3.65,-12.40
139467644,-0.47,3.10,-9.81
139471320,0.08,1.22,-9.92
139474988,0.43,1.41,-10.63
139478704,0.63,1.92,-10.28
139482420,0.63,1.73,-9.89
139486088,0.71,1.41,-10.87
139489816,0.31,1.49,-10.63
139493548,0.43,1.29,-11.10
139497272,0.27,0.78,-10.67
139500988,0.43,0.86,-10.59
139504704,0.39,1.02,-10.75
139508424,0.35,0.86,-10.55
139512152,0.43,0.78,-10.28
139515872,0.31,1.14,-10.32
139519612,0.59,1.22,-9.69
139523272,0.75,1.37,-9.85
139526944,0.67,1.45,-10.32
139530668,0.39,1.53,-10.00
139534376,0.59,1.29,-9.61
139538040,0.75,1.29,-10.20
139541772,0.59,0.90,-10.08
139545480,0.90,0.98,-10.24
139549200,0.94,1.02,-10.08
139552920,0.55,0.86,-9.73
139556576,0.71,0.75,-9.92
139560244,0.75,0.78,-10.08
139563964,0.90,0.55,-9.45
139567620,0.78,0.82,-9.89
139571268,0.67,1.10,-9.65
139574920,0.78,1.73,-9.45
139578580,0.86,2.12,-9.65
139582248,0.78,2.12,-9.49
139585908,0.63,2.35,-9.18
139589572,0.55,2.08,-9.38
139593232,0.47,1.92,-9.49
139596896,0.31,1.69,-9.49
139600556,0.47,1.41,-10.08
139604264,0.55,0.82,-9.89
139607928,0.51,0.90,-9.49
139611580,0.51,1.53,-10.28
139615308,0.27,1.65,-10.20
139619024,0.27,1.65,-10.32
139622764,0.43,1.41,-10.28
139626492,0.47,1.61,-10.16
139630220,0.47,1.45,-10.47
139633952,0.43,1.26,-10.43
139637688,0.39,0.67,-10.67
139641420,0.43,0.71,-10.67
139645152,0.31,0.75,-10.36
139648880,0.59,0.75,-10.71
139652616,0.35,0.90,-10.63
139656336,0.47,0.82,-10.79
139660056,0.43,0.94,-10.71
139663788,0.39,0.75,-10.28
139667520,0.35,1.06,-10.71
139671248,0.24,0.78,-10.55
139674968,0.27,1.33,-10.16
139678692,0.27,1.69,-10.63
139682424,0.27,1.45,-10.28
139686152,0.35,1.69,-10.63
139689872,0.31,1.53,-10.24
139693608,0.24,1.77,-10.55
139697336,0.24,1.37,-10.12
139701064,0.35,1.45,-10.36
139704792,0.12,1.18,-10.00
139708516,0.27,0.90,-9.85
139712172,0.31,0.98,-10.00
139715876,0.27,1.06,-10.32
139719616,0.20,1.06,-10.40
139723340,0.31,1.29,-10.12
139727060,0.27,1.49,-10.47
139730788,0.43,1.61,-10.20
139734520,0.59,1.77,-9.92
139738196,0.43,1.84,-10.00
139741900,0.51,1.77,-9.85
139745568,0.55,1.57,-10.32
139749312,0.39,1.37,-10.32
139753052,0.47,1.06,-10.28
139756784,0.47,0.75,-10.67
139760508,0.27,0.55,-9.89
139764184,0.43,0.55,-10.32
139767900,0.59,0.82,-10.08
139771620,0.47,0.98,-10.16
139775340,0.63,1.49,-9.65
139779000,0.55,1.45,-9.53
139782660,0.63,1.57,-9.61
139786320,0.55,1.69,-9.89
139789980,0.51,1.69,-10.04
139793700,0.43,1.65,-9.77
139797364,0.39,1.53,-9.65
139801028,0.51,1.65,-10.20
139804748,0.59,1.77,-10.00
139808460,0.63,1.61,-11.22
139812204,-0.75,0.55,-9.89
139815888,-0.78,1.22,-9.61
139819572,0.24,0.78,-9.89
139823244,0.47,0.78,-9.96
139826904,0.31,1.18,-10.28
139830648,0.24,1.18,-10.16
139834380,0.43,1.10,-10.16
139838100,0.51,1.02,-10.51
139841824,0.31,1.22,-10.00
139845544,0.27,1.37,-10.40
139849272,0.20,1.61,-10.04
139852988,0.08,1.22,-10.00
139856696,0.16,1.53,-10.16
139860424,0.35,1.65,-10.36
139864160,0.31,1.49,-10.98
139867888,0.24,1.22,-10.63
139871620,0.20,1.14,-10.47
139875348,0.20,0.98,-10.47
139879052,0.20,1.14,-10.98
139882776,0.27,1.49,-10.51
139886512,0.16,1.45,-10.40
139890244,0.20,1.61,-10.40
139893964,0.08,1.41,-10.20
139897676,0.20,1.29,-10.08
139901388,0.24,1.26,-10.32
139905116,0.08,1.14,-9.73
139908764,0.00,1.14,-10.24
139912480,0.16,1.14,-10.20
139916212,0.08,1.10,-10.24
139919908,0.00,1.10,-10.43
139923624,0.00,0.94,-10.04
139927308,0.00,0.90,-10.16
139931000,0.00,1.06,-10.40
139934704,-0.08,1.26,-10.16
139938440,0.04,1.18,-10.24
139942156,0.27,1.41,-10.00
139945868,0.08,1.53,-9.89
139949532,0.08,1.33,-10.32
139953252,0.12,1.29,-10.00
139956968,0.12,1.37,-10.04
139960692,0.04,1.26,-10.40
139964408,0.16,1.18,-10.24
139968140,0.24,0.86,-10.08
139971852,0.47,1.10,-10.67
139975584,0.47,1.10,-10.79
139979308,0.51,0.90,-10.12
139983032,0.43,0.78,-10.28
139986760,0.43,1.14,-10.32
139990504,0.47,0.82,-10.28
139994220,0.51,1.22,-10.43
139997952,0.43,0.94,-9.85
140001624,0.55,1.10,-9.45
140005288,0.39,1.02,-9.92
140008952,0.39,0.71,-9.53
140012624,0.39,0.47,-9.53
140016272,0.43,0.47,-9.02
140019932,0.43,0.55,-9.06
140023604,0.43,0.75,-9.06
140027252,0.27,0.63,-8.83
140030924,0.20,1.02,-8.36
140034592,0.24,0.90,-8.04
140038228,0.27,1.65,-8.71
140041884,0.27,1.73,-8.12
140045560,0.47,2.16,-7.96
140049216,0.55,2.12,-8.87
140052880,0.39,2.39,-8.59
140056544,0.43,2.35,-8.75
140060212,0.31,2.28,-8.63
140063888,0.27,1.84,-8.90
140067544,0.12,1.77,-9.18
140071212,0.08,1.29,-9.10
140074864,0.04,1.41,-9.22
140078516,0.00,1.06,-9.49
140082168,0.04,0.82,-9.10
140085824,-0.04,1.06,-9.41
140089504,-0.16,1.18,-9.26
140093196,-0.12,1.22,-9.14
140096884,-0.08,0.94,-9.30
140100544,-0.04,0.82,-9.57
140104216,-0.16,0.90,-9.89
140107900,0.16,0.24,-10.20
140111620,-0.47,0.20,-9.85
140115296,-0.55,0.08,-9.02
140118972,-0.31,-0.47,-9.49
140122664,-0.43,-0.55,-9.61
140126364,-0.55,-0.71,-8.90
140130056,-0.78,-0.90,-9.14
140133752,-1.29,-0.75,-8.79
140137452,-1.37,-0.86,-8.59
140141152,-1.33,-1.49,-9.14
140144856,-0.86,-1.18,-9.26
140148556,-0.78,-0.86,-9.53
140152244,-1.06,-1.18,-9.77
140155952,-0.94,-0.35,-9.53
140159644,-0.90,-0.16,-9.22
140163336,-0.78,0.04,-9.26
140167004,-0.75,0.35,-9.65
140170684,-0.75,0.59,-9.89
140174364,-0.75,0.71,-9.77
140178048,-0.71,0.75,-9.30
140181728,-1.02,1.33,-9.22
140185416,-0.94,0.75,-9.57
140189096,-0.94,0.90,-9.10
140192776,-1.06,0.43,-9.02
140196444,-1.22,0.20,-7.81
140200124,-1.33,0.16,-8.79
140203808,-1.73,-0.08,-8.16
140207508,-1.22,-0.39,-8.16
140211216,-0.86,-0.12,-8.71
140214916,-0.82,-0.63,-8.67
140218616,-0.55,0.43,-9.53
140222296,-0.12,-0.16,-9.10
140225988,0.75,0.16,-9.65
140229656,0.90,-0.59,-9.81
140233328,0.94,0.71,-9.61
140236988,-3.02,-16.51,-4.98
140240748,0.94,-1.10,-11.22
140244500,0.43,-0.08,-6.39
140248176,0.47,0.08,-7.18
140251816,0.16,1.18,-7.34
140255488,0.51,1.69,-7.73
140259168,0.16,2.24,-7.53
140262828,1.14,1.14,-8.39
140266512,0.75,2.00,-7.81
140270184,0.35,2.16,-7.92
140273852,0.43,2.12,-8.08
140277516,0.20,2.94,-11.38
140281236,-0.78,2.16,-7.41
140284932,0.47,1.84,-8.90
140288596,1.14,-0.51,-9.34
140292276,0.00,0.39,-10.43
140295976,-4.16,0.39,-10.47
140299724,1.33,-2.55,-11.14
140303464,-2.71,0.67,-12.40
140307208,0.08,-2.12,-11.02
140310936,0.12,-2.00,-12.12
140314672,0.08,-2.00,-11.65
140318392,0.16,-0.90,-11.41
140322116,0.00,-0.39,-11.22
140325832,-0.35,0.71,-12.08
140329580,0.39,-0.67,-11.41
140333308,0.27,0.63,-10.16
140337028,0.59,0.59,-10.71
140340756,0.90,0.75,-9.85
140344408,1.14,0.86,-10.04
140348132,1.41,0.98,-10.43
140351860,1.61,1.26,-10.04
140355596,1.57,1.33,-10.00
140359304,1.29,1.29,-9.89
140362968,1.45,1.18,-10.12
140366692,1.37,1.06,-9.57
140370348,1.18,0.55,-9.41
140374020,1.37,0.71,-10.40
140377752,1.49,0.20,-10.36
140381480,1.53,0.08,-10.12
140385204,1.61,0.20,-10.55
140388932,1.29,0.27,-10.63
140392660,1.37,0.47,-10.63
140396376,1.10,0.59,-10.94
140400108,1.14,0.90,-11.18
140403832,1.06,0.55,-11.02
140407540,1.02,0.63,-10.47
140411264,0.90,0.51,-10.71
140414988,0.94,0.71,-11.34
140418708,1.14,0.59,-10.40
140422424,0.71,0.63,-10.20
140426160,0.78,0.08,-10.24
140429880,0.90,-0.24,-10.08
140433608,1.02,-0.47,-10.24
140437340,1.02,-0.43,-10.67
140441088,1.14,-0.47,-10.32
140444836,1.14,-0.63,-10.04
140448576,1.22,-0.67,-9.92
140452252,1.41,-0.47,-9.69
140455928,1.57,0.00,-10.08
140459632,1.57,-0.20,-9.85
140463292,1.84,0.00,-9.30
140466928,1.84,0.59,-9.81
140470600,2.04,0.63,-9.49
140474248,2.20,0.98,-9.14
140477916,2.43,1.41,-9.10
140481592,1.88,3.57,-9.41
140485240,2.39,1.33,-9.53
140488916,2.28,1.22,-9.34
140492604,2.28,0.90,-9.61
140496256,2.24,1.73,-9.65
140499920,2.20,1.14,-9.77
140503592,2.28,2.47,-10.32
140507324,2.43,2.43,-11.34
140511060,2.47,2.47,-11.45
140514796,2.28,2.31,-11.02
140518528,2.28,2.20,-11.85
140522248,2.16,2.20,-11.61
140525976,2.00,1.57,-11.38
140529708,2.04,0.86,-12.08
140533416,2.08,0.12,-11.30
140537136,1.84,-0.47,-11.45
140540876,1.69,-1.57,-10.63
140544628,1.88,-2.20,-11.18
140548364,2.08,-2.31,-11.30
140552104,1.96,-3.06,-10.63
140555848,2.20,-2.47,-10.71
140559592,2.16,-2.28,-10.08
140563328,1.92,-2.24,-9.61
140567024,2.12,-1.88,-9.77
140570716,2.08,-1.65,-9.45
140574388,2.39,-1.61,-8.90
140578076,2.55,-1.57,-9.34
140581756,2.67,-1.33,-8.55
140585448,2.75,-1.18,-8.63
140589140,3.02,-1.33,-8.04
140592808,3.26,-0.98,-7.81
140596496,3.41,-0.39,-7.73
140600180,3.61,-0.12,-7.02
140603860,3.37,0.39,-6.47
140607528,3.77,0.90,-6.28
140611188,3.65,1.33,-6.08
140614852,3.69,1.45,-6.43
140618516,3.65,1.45,-6.71
140622196,3.49,1.41,-6.32
140625860,3.06,1.37,-7.26
140629528,3.22,-0.20,-7.26
140633216,2.31,-1.65,-8.90
140636904,2.31,-1.80,-8.94
140640592,2.12,-3.37,-9.38
140644276,2.08,-2.35,-9.92
140647964,1.84,-0.71,-10.04
140651704,1.88,0.59,-9.89
140655368,2.16,1.80,-10.04
140659084,2.20,1.77,-10.20
140662812,2.55,1.69,-12.12
140666532,2.67,0.51,-12.16
140670260,2.39,2.24,-12.94
140673988,2.86,1.37,-13.38
140677740,2.31,0.59,-13.10
140681464,1.92,-0.47,-13.42
140685212,2.71,0.08,-12.75
140688928,2.63,-1.22,-12.36
140692680,1.84,-2.51,-12.71
140696424,1.14,-3.84,-12.24
140700172,1.14,-3.80,-11.14
140703920,0.82,-4.47,-10.75
140707656,0.43,-5.18,-9.92
140711336,1.53,-6.00,-10.36
140715080,0.75,-5.88,-11.45
140718816,4.51,-9.65,-11.02
140722564,2.16,-5.02,-11.30
140726304,2.35,-4.39,-10.67
140730056,2.47,-4.67,-10.98
140733808,2.55,-4.16,-10.28
140737572,2.67,-3.65,-10.51
140741316,2.55,-3.26,-10.08
140745068,2.39,-2.51,-8.79
140748756,2.51,-1.57,-8.63
140752452,2.39,-0.98,-8.67
140756140,2.43,-0.63,-8.00
140759812,2.43,-0.08,-8.32
140763500,2.43,0.39,-8.83
140767172,2.24,0.43,-9.53
140770844,1.96,0.08,-9.53
140774504,1.65,-0.20,-10.16
140778240,1.49,-0.35,-10.47
140781976,1.49,-0.78,-11.49
140785720,1.69,-1.22,-11.96
140789480,1.49,-1.57,-11.92
140793220,1.49,-2.39,-12.32
140796968,1.45,-2.20,-12.87
140800712,1.53,-2.39,-12.87
140804464,1.77,-2.47,-12.71
140808212,1.45,-2.43,-12.83
140811944,1.41,-2.43,-12.24
140815696,1.45,-2.20,-12.59
140819428,1.37,-2.43,-11.77
140823172,0.20,-1.96,-10.16
140826908,1.18,-3.06,-11.57
140830644,0.71,-2.55,-12.40
140834392,1.10,-1.92,-12.08
140838132,1.37,-1.53,-12.55
140841876,1.69,-1.33,-11.65
140845624,1.84,-0.78,-11.96
140849356,2.16,-0.55,-12.12
140853108,1.65,-0.67,-11.02
140856840,1.92,-1.18,-11.06
140860588,2.71,-1.22,-12.00
140864332,2.79,-0.82,-12.36
140868080,2.67,-0.59,-12.24
140871824,2.47,-0.35,-11.73
140875576,2.39,0.35,-10.55
140879292,2.39,1.41,-10.51
140883028,2.28,2.31,-10.08
140886744,2.31,2.79,-10.00
140890480,2.28,3.30,-9.81
140894160,2.24,3.88,-9.89
140897836,2.28,3.53,-10.20
140901564,2.08,2.86,-9.65
140905216,2.00,2.75,-10.00
140908920,1.45,1.73,-10.75
140912652,1.37,1.14,-11.38
140916380,0.90,0.27,-11.38
140920096,0.55,-0.75,-12.08
140923832,0.31,-2.67,-12.43
140927588,0.31,-3.53,-13.53
140931328,0.04,-4.51,-14.24
140935064,0.39,-4.98,-14.67
140938808,0.47,-6.04,-14.75
140942544,0.16,-6.71,-14.79
140946276,0.00,-7.30,-15.02
140949988,0.00,-7.77,-14.44
140953720,-0.20,-7.77,-14.32
140957480,-0.20,-7.18,-14.28
140961232,-0.24,-6.98,-12.71
140965000,-0.35,-5.45,-15.10
140968748,-0.31,-7.92,-11.65
140972508,0.08,-2.63,-12.12
140976248,0.63,-3.33,-11.92
140979988,0.90,-2.82,-12.20
140983724,1.69,-1.22,-10.94
140987476,1.61,-0.94,-9.92
140991156,1.84,-0.86,-9.69
140994832,2.08,0.12,-9.02
140998480,2.31,1.14,-8.79
141002156,2.43,1.06,-8.63
141005820,2.59,2.04,-8.63
141009480,2.63,2.16,-8.00
141013156,2.98,2.04,-7.69
141016812,3.06,2.98,-4.98
141020472,5.33,2.71,-6.79
141024156,3.49,2.04,-4.28
141027828,3.41,1.73,-4.12
141031496,3.37,2.16,-3.92
141035156,3.18,2.35,-4.82
141038828,3.02,1.61,-5.41
141042488,2.98,1.06,-5.26
141046156,2.79,0.71,-5.57
141049832,2.67,0.16,-6.47
141053504,2.47,-0.39,-6.32
141057192,2.28,-0.75,-7.41
141060880,2.24,-1.77,-6.94
141064572,2.08,-2.59,-8.16
141068248,1.92,-3.14,-9.14
141071940,1.92,-3.26,-8.71
141075632,1.96,-3.57,-9.06
141079304,1.84,-3.84,-8.71
141082996,1.80,-4.28,-8.39
141086676,1.84,-3.88,-9.22
141090356,1.73,-4.24,-8.71
141094056,1.57,-3.73,-8.75
141097736,1.37,-3.77,-8.87
141101428,1.49,-3.37,-9.38
141105120,1.22,-3.10,-8.55
141108808,1.18,-2.67,-8.67
141112492,1.10,-2.31,-8.47
141116176,1.18,-1.57,-8.75
141119872,1.22,-1.53,-8.79
141123560,1.45,-0.59,-9.06
141127228,1.53,-0.55,-9.06
141130916,1.65,0.08,-8.94
141134572,1.41,0.27,-8.94
141138224,1.37,0.43,-8.87
141141892,1.37,0.86,-8.87
141145572,1.26,1.33,-9.30
141149240,1.22,1.53,-9.26
141152900,1.22,2.00,-9.45
141156568,1.02,2.31,-9.57
141160224,1.18,2.43,-9.77
141163896,0.82,3.45,-9.53
141167572,0.90,3.10,-10.12
141171288,0.98,2.94,-9.77
141174956,0.55,2.51,-10.40
141178688,0.63,2.28,-10.36
141182416,2.20,3.88,-11.85
141186148,0.86,0.82,-10.63
141189868,0.82,3.06,-9.89
141193536,0.63,0.63,-10.36
141197264,0.75,0.20,-10.51
141200992,0.47,-0.24,-11.38
141204732,0.27,-0.20,-10.75
141208472,0.16,-1.02,-11.06
141212204,0.16,-1.77,-10.28
141215944,0.12,-2.43,-10.40
141219680,0.00,-2.98,-10.00
141223400,-0.04,-3.06,-10.71
141227152,0.00,-3.41,-10.40
141230872,0.00,-3.84,-10.71
141234600,0.08,-3.77,-10.87
141238332,0.08,-3.77,-10.28
141242072,0.20,-3.33,-10.51
141245816,0.24,-3.45,-10.71
141249580,0.20,-2.75,-10.83
141253316,0.63,-2.79,-10.87
141257068,0.75,-2.51,-10.40
141260808,0.55,-2.39,-10.67
141264548,0.82,-2.08,-11.22
141268280,0.78,-1.69,-10.79
141272024,0.75,-1.37,-10.00
141275760,0.51,-1.18,-10.24
141279500,0.51,-1.18,-10.04
141283260,0.24,-0.86,-10.12
141287012,0.24,-0.78,-10.08
141290740,0.20,-0.75,-9.73
141294412,0.08,-1.29,-9.69
141298064,0.00,-1.29,-9.38
141301720,0.00,-1.33,-10.04
141305460,-0.04,-1.33,-10.24
141309200,0.00,-1.88,-9.92
141312876,-0.16,-2.24,-10.04
141316624,-0.24,-2.35,-9.81
141320332,-0.27,-2.82,-10.00
141324084,-0.16,-3.18,-9.89
141327780,-0.16,-3.14,-9.73
141331484,-0.08,-3.22,-9.89
141335172,-0.20,-2.59,-10.59
141338920,-0.04,-2.94,-10.32
141342660,0.00,-2.98,-9.61
141346312,0.00,-2.86,-10.12
141350044,-0.08,-2.90,-9.92
141353728,0.04,-2.98,-10.40
141357460,0.04,-2.98,-10.08
141361188,0.04,-3.37,-10.12
141364924,0.04,-3.10,-10.59
141368652,0.20,-3.06,-10.75
141372384,0.20,-2.94,-10.47
141376128,0.20,-2.63,-10.55
141379880,0.20,-2.16,-10.36
141383620,0.31,-2.20,-10.51
141387372,0.20,-0.94,-10.79
141391112,0.12,-0.90,-10.28
141394860,0.24,-0.27,-9.77
141398548,0.08,0.12,-10.00
141402264,0.12,0.90,-9.61
141405916,0.08,1.61,-10.16
141409644,-0.04,2.28,-10.00
141413356,0.00,2.79,-10.08
141417072,0.08,3.18,-10.32
141420780,0.00,3.26,-10.16
141424492,-0.24,3.30,-10.59
141428220,0.00,3.06,-10.47
141431924,-0.12,2.47,-10.20
141435660,0.00,1.45,-11.34
141439356,0.00,0.20,-11.61
141443060,-0.12,-0.51,-11.89
141446820,-0.04,-0.90,-12.04
141450560,-0.08,-2.35,-12.16
141454304,-0.27,-3.41,-12.67
141458064,-0.35,-3.73,-11.92
141461820,-0.35,-4.08,-11.92
141465572,-0.63,-4.28,-11.57
141469332,-0.75,-4.47,-11.30
141473100,-0.82,-4.47,-11.06
141476860,-0.75,-4.04,-11.30
141480612,-0.71,-3.88,-10.94
141484368,-0.63,-3.37,-10.67
141488144,-0.63,-3.33,-10.71
141491896,-0.43,-2.79,-9.65
141495596,-0.31,-2.51,-10.51
141499344,0.00,-1.77,-10.28
141503084,0.08,-1.26,-10.04
141506820,0.31,-0.78,-9.65
141510488,0.43,0.00,-10.20
141514180,0.63,0.67,-10.08
141517888,0.67,1.06,-9.69
141521552,0.94,1.96,-9.69
141525204,1.02,2.59,-9.02
141528868,0.94,3.02,-9.41
141532540,1.29,3.65,-9.77
141536196,1.14,4.24,-9.38
141539872,1.02,4.47,-9.77
141543552,0.90,4.75,-9.18
141547200,1.02,4.59,-9.57
141550868,0.86,4.67,-9.53
141554540,0.90,4.55,-9.77
141558188,0.82,4.12,-9.38
141561864,0.51,3.65,-9.26
141565540,0.51,2.71,-10.00
141569252,0.67,2.51,-10.12
141572980,0.39,1.84,-10.51
141576704,0.39,1.49,-10.00
141580424,0.55,0.78,-10.16
141584148,0.71,0.16,-10.36
141587876,0.71,-0.51,-10.83
141591612,0.86,-0.59,-10.94
141595340,0.98,-1.29,-10.75
141599092,0.51,-0.12,-10.94
141602832,0.94,-1.26,-10.51
141606564,0.98,-1.14,-10.20
141610296,1.06,-0.82,-10.40
141614028,0.90,-3.02,-8.90
141617700,1.14,0.08,-9.96
141621352,1.53,0.71,-8.63
141625028,0.35,8.24,-0.35
141628692,-1.18,4.00,-9.49
141632364,1.18,4.51,-8.63
141636028,1.14,4.43,-9.18
141639708,0.16,5.06,-8.63
141643364,1.02,6.67,-9.10
141647032,-6.90,3.45,-11.53
141650760,1.57,2.04,-6.47
141654432,0.94,4.12,-9.30
141658100,1.41,4.24,-9.10
141661776,0.78,3.49,-9.18
141665444,1.10,3.18,-9.61
141669112,0.82,2.94,-9.73
141672772,1.06,2.82,-10.00
141676480,1.18,2.43,-10.12
141680220,1.22,2.43,-10.24
141683944,1.26,2.35,-9.89
141687608,1.18,2.67,-9.69
141691276,1.06,3.41,-9.96
141694932,0.55,3.30,-9.96
141698592,1.02,3.73,-9.69
141702248,1.14,4.04,-9.89
141705904,1.18,4.08,-9.65
141709568,1.53,4.39,-10.32
141713292,1.45,4.35,-9.92
141716968,1.65,3.84,-10.71
141720708,1.80,3.22,-10.20
141724432,1.80,4.67,-9.38
141728112,1.77,4.94,-9.18
141731772,1.73,3.65,-9.81
141735440,1.14,4.28,-9.65
141739120,1.41,4.86,-8.59
141742784,1.69,4.67,-8.90
141746440,1.69,4.98,-8.63
141750112,1.80,5.18,-8.94
141753764,2.12,5.49,-8.04
141757436,2.20,5.81,-8.87
141761128,2.31,5.88,-8.43
141764792,2.39,6.00,-8.51
141768448,2.43,6.39,-8.55
141772128,2.94,7.10,-8.32
141775796,2.82,7.26,-8.83
141779460,2.98,6.43,-8.39
141783120,2.63,6.32,-8.00
141786772,2.43,5.96,-7.69
141790440,2.75,5.96,-7.77
141794120,2.71,6.00,-7.73
141797776,2.59,6.00,-7.57
141801436,2.12,5.45,-7.49
141805124,2.71,6.04,-8.16
141808796,2.28,5.57,-7.85
141812464,2.35,5.65,-7.85
141816128,2.43,6.00,-8.20
141819780,2.35,5.81,-8.08
141823444,2.47,6.16,-8.55
141827124,2.39,6.35,-8.28
141830792,2.08,6.83,-8.51
141834452,1.92,7.10,-8.43
141838116,1.65,7.45,-8.90
141841784,1.92,7.41,-8.51
141845448,2.16,7.34,-9.30
141849116,2.39,7.26,-9.96
141852800,2.71,7.37,-9.96
141856472,2.63,6.51,-10.36
141860212,2.75,6.20,-10.08
141863932,2.20,4.90,-10.20
141867652,2.39,5.18,-10.55
141871376,2.71,4.20,-11.69
141875116,2.31,3.26,-10.71
141878860,2.20,3.61,-10.55
141882580,2.43,2.28,-10.04
141886312,1.33,3.26,-10.16
141890040,0.82,3.41,-16.55
141893760,6.75,6.00,28.67
141897468,14.40,16.28,-10.12
141901312,2.39,3.14,-11.96
141905048,1.10,4.67,-9.77
141908708,1.14,7.10,-7.96
141912372,1.53,7.49,-7.02
141916032,1.49,-18.04,2.28
141919752,3.10,2.39,-18.83
141923492,1.18,2.82,-12.91
141927220,1.37,9.34,-9.89
141930888,1.26,5.88,-9.14
141934552,1.29,5.49,-9.10
141938208,0.94,4.00,-9.02
141941856,2.00,4.20,-8.90
141945500,3.49,4.63,-8.12
141949156,3.57,9.34,-9.53
141952836,1.14,5.88,-13.45
141956552,1.53,5.30,-9.53
141960224,0.94,4.31,-9.65
141963884,1.14,5.30,-9.69
141967548,2.12,4.47,-11.65
141971276,0.71,3.88,-10.12
141975012,1.84,3.69,-11.38
141978740,0.82,3.73,-11.41
141982464,0.98,3.61,-12.43
141986184,0.90,2.82,-12.51
141989916,0.24,2.90,-11.69
141993636,-1.06,3.26,-13.34
141997368,-1.26,6.79,-7.30
142001072,-1.61,10.20,-16.04
142004864,-6.20,2.31,-11.89
142008608,0.47,2.31,-11.14
142012336,1.14,3.02,-12.40
142016068,0.86,5.73,-11.53
142019788,0.94,3.33,-12.24
142023516,1.02,2.63,-11.34
142027252,0.86,2.20,-11.73
142030980,1.14,2.28,-11.06
142034704,1.18,2.04,-10.63
142038432,1.14,2.24,-11.06
142042160,1.22,1.73,-10.28
142045888,1.26,1.69,-10.47
142049624,1.45,1.37,-10.79
142053352,1.92,0.94,-10.90
142057080,1.65,1.18,-10.40
142060808,1.65,0.78,-9.41
142064464,1.45,0.55,-9.85
142068124,1.06,0.59,-9.77
142071784,1.10,0.55,-10.04
142075512,1.14,0.47,-9.57
142079164,1.10,0.51,-9.92
142082832,1.10,0.67,-9.45
142086516,1.18,0.75,-10.04
142090240,1.33,0.94,-10.24
142093952,1.26,0.59,-9.77
142097616,1.26,0.63,-9.81
142101284,1.14,0.90,-9.38
142104948,1.22,0.94,-9.61
142108628,1.49,0.90,-9.41
142112284,1.77,1.49,-10.24
142116016,1.77,1.65,-9.85
142119684,2.00,2.20,-9.81
142123336,2.00,2.94,-9.34
142127008,2.35,3.53,-9.38
142130680,2.39,4.67,-8.71
142134348,2.43,5.22,-9.18
142138008,2.51,6.00,-9.49
142141668,2.75,6.12,-9.18
142145332,3.88,6.16,-9.10
142148996,2.75,6.00,-8.32
142152664,3.37,6.43,-8.00
142156316,2.20,8.12,-8.79
142160000,3.77,6.04,-8.28
142163672,1.57,3.88,-9.26
142167332,0.71,5.10,-6.94
142170996,2.90,2.55,-9.02
142174664,2.08,2.35,-9.34
142178332,2.24,1.92,-8.79
142182000,2.63,2.12,-8.79
142185684,1.88,0.35,-9.30
142189344,0.12,-0.39,-7.22
142193020,3.30,-1.41,-10.08
142196760,1.88,-2.24,-9.89
142200440,2.00,-2.39,-10.59
142204172,2.28,-0.47,-9.96
142207852,2.39,-0.08,-9.85
142211528,1.57,-0.16,-11.14
142215272,1.41,-0.04,-10.40
142218996,3.37,3.57,-9.30
142222668,0.86,-2.24,-10.59
142226412,2.98,0.86,-10.00
142230120,2.43,3.18,-9.77
142233784,2.16,3.18,-9.89
142237452,2.12,4.39,-9.30
142241124,2.12,4.63,-8.36
142244792,2.12,5.02,-8.47
142248456,2.16,5.22,-8.32
142252124,1.80,5.53,-8.83
142255776,1.65,5.81,-9.73
142259444,1.84,5.77,-9.45
142263108,2.00,5.10,-8.98
142266752,1.96,4.55,-9.73
142270420,2.20,4.35,-10.16
142274152,2.35,4.43,-10.51
142277880,2.43,4.98,-11.49
142281600,2.67,4.98,-10.90
142285316,2.51,5.22,-10.20
142289064,2.31,5.33,-10.20
142292792,2.39,5.22,-10.28
142296524,2.35,5.14,-9.38
142300200,2.28,4.90,-9.10
142303856,2.31,4.20,-9.18
142307524,2.28,4.16,-9.49
142311192,2.51,3.92,-8.94
142314868,2.90,4.12,-9.65
142318532,2.67,3.77,-9.65
142322200,2.20,-19.10,-8.87
142325948,1.37,0.75,-8.94
142329620,1.22,1.26,-8.79
142333296,1.45,2.82,-9.18
142336976,1.65,2.39,-8.87
142340652,1.61,2.04,-9.96
142344324,1.73,2.63,-9.41
142347992,1.73,3.10,-10.12
142351724,1.61,3.06,-9.89
142355396,1.37,2.94,-9.77
142359068,1.45,3.65,-9.61
142362740,1.45,3.80,-9.85
142366404,1.57,4.04,-9.30
142370068,1.53,4.71,-9.96
142373736,1.61,4.67,-9.85
142377412,1.53,4.51,-9.73
142381100,1.61,4.31,-9.85
142384764,1.69,4.31,-9.53
142388432,1.41,4.00,-9.77
142392092,1.26,3.18,-9.10
142395764,1.45,2.63,-8.98
142399428,1.49,2.47,-9.53
142403092,1.96,1.88,-9.96
142406752,2.00,1.26,-9.77
142410420,2.08,0.78,-10.59
142414132,2.08,0.71,-10.40
142417852,2.08,0.75,-10.63
142421580,2.04,0.55,-10.04
142425292,1.92,0.82,-10.28
142429012,2.04,0.98,-9.49
142432668,2.00,0.86,-10.00
142436368,2.12,1.26,-10.12
142440092,2.00,1.84,-9.73
142443744,2.16,2.28,-9.81
142447420,2.39,2.98,-10.12
142451144,2.47,3.73,-10.12
142454872,2.71,4.94,-9.92
142458532,2.59,5.26,-9.69
142462200,2.94,5.10,-10.08
142465916,2.94,4.98,-10.24
142469644,2.55,4.98,-9.14
142473308,2.47,5.14,-9.38
142476976,2.24,4.98,-8.90
142480644,2.20,4.71,-8.63
142484304,1.96,4.55,-9.14
142487976,2.12,4.08,-8.94
142491644,2.08,4.08,-9.10
142495296,2.12,4.12,-10.00
142499012,1.96,3.30,-9.81
142502676,2.08,3.30,-10.04
142506396,1.77,3.06,-10.43
142510124,1.61,3.18,-10.08
142513844,2.04,3.30,-10.24
142517564,2.28,3.57,-10.63
142521292,1.73,2.28,-9.41
142524980,1.45,3.49,-9.38
142528664,1.77,3.49,-9.34
142532328,2.12,3.18,-8.75
142535996,2.28,3.96,-8.67
142539668,2.51,3.88,-8.90
142543336,2.31,3.49,-8.12
142547000,2.16,3.80,-7.85
142550660,2.16,3.69,-8.04
142554324,2.16,3.69,-8.47
