253216740,-0.47,0.39,-11.06
253220484,-0.16,0.9280277844,0.00,0.86,-10.20
280281552,0.00,0.47,-10.20
280285264,-0.47,1.57,-10.59
280289020,0.16,0.71,-10.28
280292760,0.08,1.26,-10.43
280296484,0.00,1.10,-10.12
280300208,-0.31,0.47,-10.75
280303960,0.00,0.47,-10.12
280307668,0.00,1.10,-10.67
280311372,0.00,0.08,-10.20
280315072,0.00,0.16,-11.38
280318776,0.08,0.00,-10.20
280322488,-0.08,0.16,-10.67
280326232,0.00,0.16,-10.43
280329964,0.24,0.16,-10.59
280333684,0.00,0.00,-11.06
280337360,0.00,0.39,-10.67
280341068,0.00,0.08,-10.90
280344772,-0.08,0.00,-10.83
280348488,0.08,0.08,-10.90
280352192,-0.24,0.47,-10.90
280355936,-0.08,0.24,-11.14
280359676,0.08,1.18,-10.28
280363396,-0.55,0.00,-11.06
280367148,-0.16,0.39,-10.98
280370876,0.00,0.24,-9.26
280374528,0.00,0.47,-10.51
280378244,-0.31,0.31,-10.04
280381972,0.00,0.24,-10.43
280385696,-0.16,-0.16,-11.53
280389444,0.00,0.16,-11.53
280393152,0.31,0.00,-11.30
280396844,0.00,0.00,-10.43
280400536,0.00,0.78,-10.90
280404224,0.00,1.18,-10.98
280407948,-0.39,0.71,-10.90
280411676,0.00,1.26,-10.36
280415404,0.00,0.86,-10.51
280419100,0.00,0.71,-9.57
280422764,0.00,0.63,-10.67
280426488,0.08,0.86,-10.59
280430204,0.63,0.08,-9.89
280433864,0.24,0.47,-9.89
280437544,0.24,0.78,-9.96
280441216,0.08,0.78,-9.02
280444884,0.78,0.86,-10.12
280448612,0.00,0.24,-10.12
280452332,0.24,0.86,-10.43
280456060,0.16,1.10,-9.89
280459740,0.08,0.55,-10.36
280463464,0.00,0.31,-10.04
280467160,0.00,0.47,-10.67
280470860,0.00,0.94,-11.22
280474584,-0.24,0.78,-10.20
280478324,-0.63,0.00,-10.59
280482056,-0.24,0.24,-10.67
280485804,-0.24,0.00,-11.30
280489544,-0.16,0.00,-11.06
280493264,-0.16,0.71,-11.14
280497016,-0.47,0.39,-11.30
280500760,-0.16,0.47,-11.85
280504496,-0.31,0.00,-11.61
280508232,0.16,1.10,-10.90
280511964,-0.39,0.78,-11.61
280515724,-0.24,0.24,-11.38
280519460,0.16,0.86,-11.69
280523188,-0.31,0.55,-10.75
280526952,-0.24,1.02,-11.53
280530708,-0.16,0.94,-10.04
280534440,0.24,0.00,-10.75
280538148,0.00,0.55,-10.20
280541832,0.00,0.31,-9.57
280545472,0.00,0.39,-10.28
280549192,-0.16,0.16,-11.14
280552956,-0.16,0.24,-10.83
280556708,0.00,0.47,-10.12
280560428,-0.39,0.39,-10.67
280564132,0.00,0.00,-11.06
280567840,-0.08,0.31,-10.12
280571580,-0.16,-0.63,-10.98
280575332,0.00,0.00,-10.67
280579020,-0.78,0.00,-10.67
280582764,-0.16,0.08,-10.43
280586480,-0.16,0.00,-10.98
280590220,-0.24,0.86,-11.30
280593960,-0.08,0.00,-10.98
280597684,-0.31,0.31,-10.98
280601424,-0.16,0.31,-11.61
280605192,-0.47,0.16,-11.38
280608948,-0.39,0.55,-11.69
280612672,-0.24,0.00,-10.90
280616396,-0.16,1.18,-11.45
280620132,0.00,0.63,-12.08
280623844,-0.16,0.78,-11.06
280627604,-0.16,0.31,-10.51
280631352,-0.31,0.86,-10.51
280635104,-0.39,0.78,-11.69
280638848,-0.16,1.10,-10.04
280642596,0.00,0.71,-10.83
280646296,0.24,0.39,-10.59
280650004,0.00,1.18,-10.59
280653708,0.00,0.63,-9.81
280657368,-0.24,0.08,-10.28
280661112,0.31,0.86,-10.51
280664828,-0.47,0.00,-10.51
280668544,0.00,0.31,-9.73
280672204,0.00,0.39,-10.75
280675900,0.00,0.24,-10.20
280679628,-0.16,0.55,-10.59
280683368,-0.16,0.86,-9.89
280687060,-0.39,0.55,-11.06
280690808,-0.39,0.08,-10.12
280694548,0.24,0.24,-10.51
280698284,-0.39,0.47,-10.20
280702012,-0.08,-0.63,-11.61
280705776,-0.16,-0.31,-10.90
280709524,-0.08,0.00,-11.30
280713240,-0.47,0.00,-11.30
280716956,-0.39,-0.47,-11.61
280720716,-0.71,-0.47,-10.98
280724476,-0.16,-0.16,-10.28
280728232,-0.31,0.55,-10.12
280731984,-0.71,0.47,-10.67
280735744,-0.08,0.78,-10.59
280739480,-0.16,1.26,-10.75
280743232,-0.31,1.57,-10.28
280746984,-0.63,1.57,-10.59
280750736,-0.24,1.80,-10.83
280754484,-0.39,2.20,-10.20
280758220,-0.47,1.41,-11.22
280761972,-0.16,1.33,-11.61
280765708,0.00,0.86,-11.45
280769416,-0.16,1.41,-10.75
280773156,0.00,0.16,-10.36
280776872,0.16,0.00,-10.36
280780580,-0.24,0.00,-10.20
280784304,-0.31,-0.08,-9.65
280787996,0.00,-0.31,-10.98
280791712,-0.08,0.08,-10.59
280795408,0.00,0.00,-10.51
280799088,0.00,0.00,-10.36
280802780,0.00,0.24,-10.67
280806492,-0.31,0.55,-10.67
280810244,0.31,0.94,-11.30
280813964,-0.31,0.86,-10.98
280817696,0.00,0.63,-10.67
280821404,-0.63,0.55,-10.20
280825152,-0.16,0.55,-10.28
280828892,0.00,0.47,-10.75
280832600,0.00,0.55,-10.67
280836324,-0.08,0.24,-10.12
280840060,-0.47,0.24,-10.28
280843804,-0.16,0.31,-10.90
280847544,-0.39,0.55,-10.36
280851284,-0.16,0.00,-11.30
280855012,-0.55,0.39,-10.75
280858768,-0.47,1.57,-10.75
280862512,-0.63,0.00,-11.61
280866236,-0.55,0.00,-12.55
280869964,-0.47,0.55,-12.47
280873708,-0.39,0.00,-10.67
280877436,-0.16,-0.31,-12.00
280881196,-0.16,0.00,-10.75
280884932,-0.24,0.16,-11.30
280888680,-0.47,0.39,-11.22
280892424,-0.39,1.02,-11.45
280896180,-0.31,1.18,-11.06
280899940,-0.39,0.39,-11.30
280903664,-0.31,0.00,-10.67
280907392,0.00,0.39,-10.36
280911096,-0.08,0.00,-9.96
280914772,-0.16,0.24,-10.43
280918524,-0.63,0.63,-10.67
280922276,-0.08,0.08,-10.20
280925972,0.00,0.00,-10.12
280929676,-0.16,0.63,-10.04
280933420,-0.55,-0.31,-9.73
280937116,-0.08,0.00,-10.12
280940820,0.00,0.16,-9.96
280944440,0.00,0.00,-9.57
280948092,-0.16,0.47,-10.12
280951856,-0.47,0.08,-11.06
280955596,0.31,0.47,-10.12
280959340,-0.16,0.47,-10.75
280963084,0.00,0.31,-10.20
280966792,-0.08,0.16,-9.96
280970476,-0.08,0.71,-9.65
280974176,-0.24,0.55,-10.04
280977928,-0.24,1.02,-10.20
280981680,-0.63,0.78,-10.75
280985436,-0.24,0.63,-10.36
280989196,-0.39,1.02,-10.20
280992940,-0.86,0.00,-10.83
280996656,-0.63,0.00,-11.38
281000388,-0.55,0.16,-10.90
281004136,-0.39,-0.24,-10.59
281007896,-0.94,0.16,-11.30
281011624,-0.39,0.00,-11.38
281015356,-0.31,0.94,-11.92
281019108,-0.94,0.16,-12.08
281022840,-0.39,0.00,-11.45
281026584,-0.63,0.24,-11.61
281030336,-0.24,0.16,-11.38
281034088,0.00,-0.16,-11.77
281037820,-0.16,0.24,-11.38
281041552,-0.16,0.00,-11.14
281045284,-0.16,0.55,-10.28
281049040,0.16,0.16,-10.90
281052764,0.00,0.08,-10.51
281056452,0.00,0.55,-10.75
281060176,-0.08,0.08,-9.73
281063840,0.08,0.39,-9.81
281067504,0.00,0.24,-10.04
281071212,0.00,0.63,-10.04
281074932,0.08,0.24,-9.89
281078600,0.00,0.63,-9.18
281082252,0.24,0.24,-9.73
281085936,-0.31,0.16,-9.26
281089628,0.00,1.10,-10.04
281093340,-0.08,1.57,-9.96
281097036,-0.08,0.78,-10.59
281100784,-0.08,0.78,-10.36
281104540,-0.39,0.78,-10.83
281108296,-0.31,1.26,-11.45
281112036,0.00,0.00,-10.75
281115724,-0.16,0.00,-11.06
281119456,-0.24,0.16,-11.30
281123204,-0.39,0.94,-10.51
281126956,-0.47,0.63,-11.61
281130696,-0.39,0.00,-11.06
281134400,-0.39,0.00,-11.06
281138124,-0.71,0.55,-11.77
281141872,-0.86,0.00,-11.92
281145592,-0.47,0.00,-11.30
281149312,-0.39,-0.63,-12.16
281153076,-0.47,0.00,-11.61
281156808,-0.39,0.24,-10.90
281160544,-0.39,-0.24,-12.00
281164300,-0.39,-0.47,-12.00
281168052,-0.71,-0.08,-10.83
281171788,-0.39,0.00,-10.83
281175532,-0.16,0.47,-11.22
281179272,0.00,0.31,-10.36
281182976,0.00,0.86,-11.06
281186672,0.00,1.26,-10.59
281190396,0.08,1.80,-10.12
281194112,0.00,1.65,-10.04
281197804,0.00,2.20,-10.04
281201524,0.31,0.94,-9.26
281205188,0.08,1.41,-9.49
281208856,0.00,0.94,-10.12
281212572,0.16,1.26,-10.04
281216308,-0.24,0.39,-9.41
281219992,0.31,0.00,-9.96
281223640,0.00,0.39,-10.43
281227320,0.00,0.00,-9.81
281230968,-0.24,-0.86,-10.51
281234736,0.00,0.16,-10.98
281238440,-0.08,0.00,-10.90
281242164,-0.31,-0.31,-10.83
281245924,-0.39,0.00,-10.51
281249632,0.00,0.00,-11.06
281253328,-0.78,0.24,-10.59
281257092,-0.71,0.16,-11.14
281260836,-0.55,0.08,-10.20
281264572,-1.18,0.31,-11.30
281268332,-0.39,0.24,-10.75
281272080,-0.63,0.00,-10.59
281275816,-0.31,0.16,-11.38
281279580,-0.71,0.78,-10.12
281283336,-0.39,0.47,-10.90
281287084,-0.47,0.78,-11.53
281290832,-0.47,1.18,-11.45
281294596,-0.24,0.47,-11.14
281298328,-0.16,1.18,-10.98
281302096,-0.39,0.47,-11.30
281305836,-0.16,0.16,-11.45
281309584,0.00,0.78,-10.67
281313292,0.00,0.16,-10.28
281316984,0.00,0.55,-9.96
281320636,0.31,1.26,-10.36
281324364,0.00,1.02,-10.04
281328060,0.00,0.78,-9.34
281331700,0.00,1.02,-9.73
281335356,0.08,0.63,-10.12
281339084,0.47,0.55,-10.12
281342808,0.00,0.31,-10.12
281346504,0.00,0.00,-10.51
281350200,0.00,0.16,-10.12
281353924,0.31,-0.16,-10.04
281357644,0.00,0.00,-10.90
281361328,-0.16,0.00,-10.59
281365056,-0.24,0.00,-10.67
281368764,0.00,0.00,-11.30
281372484,-0.39,0.24,-10.36
281376232,-0.47,0.47,-10.59
281379980,-0.31,-0.47,-11.61
281383732,-0.78,0.00,-11.06
281387460,-0.24,-0.08,-10.83
281391220,-0.39,-0.24,-10.67
281394968,-0.24,0.00,-10.75
281398712,-0.63,0.24,-11.06
281402464,-0.47,0.78,-10.75
281406204,-0.47,1.02,-11.30
281409940,-1.18,0.71,-12.16
281413708,-0.39,1.33,-11.53
281417456,-0.47,1.57,-11.45
281421212,-0.47,0.86,-10.98
281424956,-0.71,0.55,-11.45
281428716,-0.24,1.80,-10.12
281432456,-0.24,1.18,-10.75
281436216,0.31,0.86,-10.36
281439920,0.00,0.47,-10.28
281443628,0.00,0.47,-10.51
281447324,0.00,0.00,-9.49
281450964,0.16,0.08,-9.96
281454628,-0.55,0.16,-10.75
281458368,0.00,-0.47,-10.59
281462072,0.00,0.00,-10.75
281465756,0.00,0.00,-10.90
281469420,0.00,0.00,-10.43
281473112,-0.31,0.00,-9.81
281476776,-0.16,0.55,-11.14
281480528,-0.16,0.71,-10.43
281484268,0.00,1.26,-10.59
281487972,0.00,0.00,-10.59
281491672,-0.08,0.47,-10.98
281495416,-0.24,0.63,-10.75
281499156,0.55,0.00,-10.59
281502872,-0.24,0.00,-11.22
281506612,-0.16,0.24,-10.20
281510328,0.00,0.00,-10.36
281514032,-0.08,-0.08,-10.98
281517776,-0.39,0.55,-11.45
281521528,-0.16,0.08,-10.59
281525288,-0.47,0.08,-10.20
281529012,-0.31,0.24,-11.38
281532780,0.31,0.31,-11.38
281536524,-0.31,0.78,-11.14
281540268,-0.55,0.63,-10.75
281544016,0.47,1.10,-10.98
281547744,0.00,0.47,-10.12
281551456,0.00,0.63,-10.90
281555176,0.08,0.47,-9.96
281558852,-0.71,0.47,-10.43
281562600,0.00,0.78,-10.59
281566292,0.00,0.55,-10.43
281569976,0.00,0.00,-11.06
281573672,-0.71,0.24,-10.90
281577412,-0.39,0.55,-11.30
281581168,-0.16,-0.08,-11.53
281584932,-0.86,0.24,-10.83
281588656,-0.94,0.00,-10.12
281592388,-0.16,0.47,-11.06
281596136,-0.31,1.57,-11.53
281599900,-0.55,0.24,-11.53
281603644,0.00,0.39,-11.53
281607360,-0.39,0.63,-10.67
281611096,-0.08,0.00,-11.53
281614816,-0.63,0.00,-10.20
281618552,-0.31,0.31,-10.59
281622304,-0.16,0.31,-9.96
281626000,-0.16,0.47,-10.12
281629752,0.16,0.00,-10.20
281633432,0.00,0.55,-10.04
281637136,-0.16,0.16,-10.12
281640896,0.08,0.55,-9.57
281644544,0.00,0.00,-10.67
281648232,-0.31,0.24,-10.43
281651956,0.00,0.31,-10.12
281655660,0.00,0.00,-11.06
281659336,0.00,-0.78,-10.51
281663076,-0.16,0.55,-10.75
281666808,0.00,0.31,-10.51
281670532,-0.31,0.63,-10.83
281674300,-0.16,0.78,-10.67
281678052,-0.08,0.71,-10.75
281681792,-0.16,0.31,-11.30
281685548,-0.16,0.16,-11.38
281689300,-0.63,0.94,-11.14
281693052,-0.24,0.71,-11.38
281696788,-0.16,1.41,-9.73
281700492,0.16,1.10,-10.36
281704236,-0.16,0.39,-10.12
281707988,-0.08,1.26,-10.75
281711744,-0.39,1.33,-10.43
281715492,0.63,1.49,-9.81
281719176,-0.86,0.39,-11.14
281722912,0.00,0.86,-9.73
281726564,0.00,0.63,-10.59
281730276,0.31,0.55,-10.67
281733988,-0.24,0.00,-9.49
281737664,-0.31,0.24,-10.67
281741412,-0.24,-0.31,-10.83
281745172,-0.08,0.00,-11.30
281748876,0.00,-0.16,-10.12
281752612,-0.24,0.00,-10.83
281756344,-0.16,-0.31,-10.36
281760124,0.16,0.08,-10.67
281763832,-0.71,0.00,-10.59
281767564,-0.08,0.55,-10.51
281771308,-0.16,0.08,-10.75
281775044,-0.55,0.71,-10.67
281778800,-0.24,1.26,-10.75
281782564,-0.08,1.10,-10.83
281786300,0.08,1.49,-10.67
281790036,-0.08,1.26,-10.12
281793780,-0.16,0.31,-9.96
281797468,-0.16,0.00,-11.14
281801208,-0.39,0.24,-10.28
281804952,0.00,-0.31,-10.12
281808688,-0.16,-0.31,-9.89
281812380,0.00,-0.39,-10.12
281816124,0.08,0.24,-11.22
281819848,-0.16,0.24,-11.06
281823596,-0.08,0.71,-9.96
281827276,-0.16,0.78,-10.75
281831028,-0.78,0.39,-11.38
281834764,-0.47,0.55,-11.22
281838516,-0.39,0.55,-11.22
281842272,-0.08,0.94,-10.98
281846000,0.24,0.55,-10.51
281849740,-0.16,0.24,-11.38
281853492,-0.31,0.47,-10.83
281857248,-0.71,0.47,-11.69
281861000,-0.16,0.39,-11.22
281864744,-0.39,1.18,-10.12
281868488,0.00,0.55,-10.90
281872172,0.00,0.08,-11.30
281875884,-0.16,0.16,-10.83
281879632,-0.08,1.18,-11.30
281883372,-0.39,0.55,-10.98
281887108,0.00,0.39,-10.12
281890816,-0.16,0.63,-10.04
281894568,-0.24,0.39,-10.59
281898316,0.24,0.63,-10.90
281902060,-0.39,0.16,-10.43
281905812,-0.16,0.39,-10.28
281909568,0.24,0.47,-11.38
281913288,0.16,0.00,-10.75
281917004,-0.16,0.39,-10.43
281920756,-0.16,0.94,-9.89
281924448,-0.55,0.55,-10.75
281928188,0.00,1.10,-10.67
281931900,-0.16,1.10,-11.14
281935652,-0.24,0.71,-11.38
281939396,0.16,0.78,-10.90
281943112,0.00,0.86,-11.30
281946812,-0.08,1.10,-10.12
281950576,-0.16,0.24,-10.36
281954336,-0.31,1.10,-10.43
281958064,0.00,1.18,-9.96
281961732,-0.08,0.39,-10.59
281965476,-0.16,0.63,-10.12
281969224,0.08,0.08,-10.28
281972940,-0.24,0.08,-10.12
281976684,-0.16,-0.63,-9.89
281980376,0.00,-0.55,-10.12
281984116,-0.86,-0.31,-10.43
281987884,-0.31,-0.55,-10.43
281991644,-0.39,0.00,-10.90
281995372,-0.16,-0.71,-10.20
281999132,-0.39,-0.24,-10.90
282002896,-0.39,0.08,-10.83
282006632,-0.16,0.78,-10.90
282010376,-0.71,0.31,-10.75
282014140,-0.47,0.94,-11.22
282017884,-0.47,1.41,-10.51
282021632,-0.31,1.18,-11.14
282025384,-0.47,1.41,-11.45
282029136,-0.63,0.86,-11.38
282032884,-0.39,1.18,-11.92
282036640,-0.47,0.78,-11.22
282040380,-0.31,1.18,-12.00
282044120,0.00,0.63,-12.00
282047820,-0.63,0.24,-11.22
282051564,0.00,0.47,-11.06
282055264,0.00,1.33,-10.20
282058960,0.00,0.24,-9.73
282062616,0.24,1.18,-10.59
282066348,-0.39,0.24,-9.96
282070020,0.00,0.00,-10.20
282073712,0.00,0.16,-10.20
282077384,0.00,0.00,-9.73
282081004,0.00,0.47,-9.96
282084656,-0.55,-0.39,-10.36
282088408,0.24,0.00,-10.12
282092112,0.00,0.08,-10.75
282095808,-0.24,0.00,-10.20
282099528,-0.24,0.00,-10.51
282103260,-0.47,0.31,-10.75
282107016,-0.24,-0.16,-10.36
282110780,-0.08,0.55,-10.59
282114504,-0.16,0.00,-10.12
282118224,-0.31,0.00,-10.12
282121952,-0.24,0.31,-10.51
282125696,0.00,0.71,-10.36
282129420,-0.63,0.55,-10.51
282133160,-0.24,0.47,-11.30
282136896,-0.24,1.18,-10.59
282140652,-0.86,0.78,-10.75
282144384,-0.24,0.00,-11.45
282148120,-0.08,0.86,-10.90
282151828,0.00,0.39,-10.98
282155540,-0.55,1.49,-11.38
282159292,-0.31,0.71,-10.12
282163032,0.00,0.55,-11.06
282166732,-0.16,1.41,-11.22
282170472,0.00,0.63,-11.45
282174196,-0.78,1.26,-10.98
282177948,-0.08,0.63,-10.75
282181692,-0.16,0.94,-10.20
282185424,-0.31,0.00,-11.06
282189144,0.00,0.55,-10.67
282192856,-0.16,0.00,-10.36
282196580,-0.31,0.00,-10.12
282200312,-0.71,-0.24,-10.12
282204076,-0.31,0.00,-10.28
282207812,-0.16,1.26,-10.12
282211552,0.00,0.00,-10.12
282215256,-0.08,0.24,-10.98
282219008,-0.08,0.08,-10.59
282222732,-0.16,0.00,-10.98
282226456,0.00,0.63,-11.30
282230148,-0.31,0.00,-9.81
282233828,-0.39,0.24,-10.12
282237580,-0.16,0.08,-10.90
282241300,0.00,0.47,-10.98
282245016,-0.47,0.55,-11.06
282248764,-0.39,0.47,-10.67
282252500,-0.24,0.16,-11.45
282256220,0.00,0.00,-11.38
282259928,-0.47,0.47,-11.22
282263672,-0.16,0.47,-10.75
282267428,-0.16,0.78,-10.04
282271172,-0.16,0.78,-10.98
282274908,0.08,0.63,-10.59
282278624,-0.24,1.18,-10.43
282282360,0.00,0.94,-10.51
282286056,0.00,0.55,-10.12
282289768,0.00,1.02,-10.04
282293480,-0.08,0.24,-10.12
282297200,0.00,0.00,-11.06
282300892,-0.39,0.47,-10.20
282304632,-0.39,-0.39,-10.12
282308388,-0.16,0.31,-10.12
282312136,-0.31,0.00,-10.04
282315864,-0.55,-0.24,-11.14
282319616,-0.31,0.00,-10.59
282323348,-0.16,0.24,-10.28
282327100,-0.39,-0.71,-11.38
282330876,-0.39,-0.39,-10.75
282334632,-0.08,-0.08,-11.53
282338388,-0.16,0.63,-10.12
282342152,0.16,0.94,-10.28
282345888,-0.24,1.49,-10.98
282349632,-0.16,1.73,-9.18
282353328,-0.39,1.88,-10.43
282357080,-0.71,1.49,-10.90
282360828,-0.39,1.26,-10.12
282364584,-0.31,0.94,-10.75
282368332,0.08,0.39,-10.20
282372044,-0.47,0.24,-11.38
282375792,-0.39,0.00,-10.67
282379536,-0.16,-0.31,-10.98
282383292,-0.63,-1.02,-10.59
282387040,0.00,-0.31,-10.67
282390776,-0.31,-0.47,-11.38
282394536,0.00,-0.63,-11.14
282398280,-0.16,-0.08,-11.06
282402040,-0.39,0.47,-10.28
282405768,-0.39,0.00,-10.90
282409488,-0.24,0.55,-11.53
282413236,0.00,0.39,-11.22
282416952,-0.08,1.41,-10.75
282420700,0.00,0.47,-9.96
282424352,0.00,0.94,-10.28
282428040,0.00,0.94,-10.51
282431748,-0.08,2.04,-9.49
282435436,-0.08,1.73,-9.34
282439120,0.00,1.10,-11.30
282442844,0.24,1.02,-11.22
282446560,0.00,1.02,-10.75
282450264,0.00,1.41,-11.45
282453980,-0.08,1.18,-12.00
282457720,-0.08,1.49,-11.92
282461448,0.00,1.80,-11.38
282465152,-0.16,1.41,-11.77
282468896,-0.39,1.10,-10.98
282472632,0.00,0.78,-11.38
282476344,-0.16,0.24,-10.36
282480096,-0.16,-0.39,-10.43
282483880,0.31,-0.71,-10.51
282487616,0.00,-0.71,-9.10
282491272,0.00,-0.47,-8.47
282494928,0.00,-0.39,-9.02
282498596,0.16,-0.31,-9.34
282502276,0.00,-0.47,-8.63
282505948,-0.39,0.24,-8.79
282509620,-0.39,0.00,-8.24
282513296,-0.39,0.08,-8.55
282516976,-0.16,0.39,-9.10
282520668,-0.31,-0.08,-8.47
282524364,-0.39,-0.31,-8.87
282528052,-0.63,0.00,-8.63
282531724,-1.02,0.24,-8.87
282535424,-1.10,0.63,-9.57
282539112,8.94,38.91,-13.10
282542892,-9.26,3.06,40.13
282546628,-40.17,-40.17,40.13
282550520,40.13,-24.09,40.13
282554376,5.73,-40.17,40.13
282558192,-18.36,-40.17,-40.17
282562096,-40.17,-40.17,40.13
282565976,-40.17,-40.17,40.13
282569852,40.13,40.13,21.97
282573696,-40.17,-40.17,38.29
282577576,-40.17,-40.17,40.13
282581464,-25.34,-40.17,40.13
282585352,-40.17,-40.17,-40.17
282589248,40.13,40.13,-40.17
282593116,-40.17,-40.17,-40.17
282597012,40.13,-40.17,-40.17
282600892,-40.17,40.13,40.13
282604744,-2.28,3.84,40.13
282608476,2.43,40.13,-40.17
282612276,-12.55,40.13,4.63
282616076,-12.94,40.13,4.94
282619868,3.84,40.13,-10.59
282623664,7.45,31.38,-4.71
282627396,-9.41,26.44,-3.06
282631136,-0.39,12.55,-5.81
282634876,-0.86,2.98,-10.83
282638620,-2.59,-5.73,-15.93
282642404,-1.80,-13.34,-16.32
282646244,-1.65,-13.96,-16.24
282650080,-6.04,-10.04,-18.83
282653896,-3.14,-10.75,-19.61
282657720,-6.20,-11.77,-19.46
282661548,-6.04,-11.53,-19.30
282665364,-5.73,-10.04,-21.65
282669192,-5.65,-8.24,-20.71
282672952,-4.47,-6.28,-20.95
282676728,-4.55,-6.90,-21.42
282680508,-5.10,-5.73,-20.08
282684268,-4.08,-5.81,-18.99
282688024,-4.47,-7.53,-17.02
282691780,-4.31,-6.04,-15.46
282695548,-2.43,-6.12,-13.34
282699324,-1.96,-6.51,-11.92
282703108,-1.33,-4.71,-9.49
282706812,-1.73,-3.77,-9.81
282710528,-1.80,-3.84,-8.87
282714244,-0.71,-3.61,-10.04
282718004,0.00,-3.30,-9.65
282721696,-0.78,-1.49,-9.49
282725420,0.16,-1.73,-9.10
282729112,0.47,-1.73,-9.10
282732804,0.39,-2.04,-8.00
282736476,1.88,-1.26,-6.67
282740168,2.43,1.80,-6.51
282743852,2.43,3.77,-6.67
282747516,1.73,3.77,-6.35
282751184,40.13,-40.17,-0.47
282754996,6.83,2.43,-4.86
282758672,-5.73,6.59,-9.18
282762356,2.28,6.98,-5.49
282766020,3.92,5.57,-5.88
282769692,0.63,6.28,-6.98
282773352,2.51,3.22,-6.12
282777024,4.55,2.67,-6.28
282780704,5.26,1.73,-6.75
282784380,2.75,1.73,-7.85
282788048,1.18,0.00,-8.24
282791700,1.65,-0.55,-8.94
282795396,0.78,-1.10,-9.96
282799084,0.55,-1.33,-9.57
282802788,0.47,-1.33,-10.75
282806540,0.24,-2.04,-11.69
282810296,-0.08,-1.96,-11.61
282814068,-0.24,-2.43,-11.53
282817848,-0.31,-1.33,-10.75
282821604,0.00,-1.33,-11.85
282825348,0.24,-1.49,-11.85
282829096,0.00,-1.18,-12.08
282832828,-0.86,-1.02,-12.16
282836592,-1.26,-0.31,-12.40
282840356,-0.78,-0.16,-12.55
282844124,-0.63,-0.08,-13.42
282847876,-1.02,-0.31,-12.94
282851640,-1.33,-0.47,-14.36
282855404,-1.65,0.55,-14.12
282859148,-1.96,0.78,-15.46
282862892,-1.33,0.94,-15.14
282866640,-1.65,1.18,-15.69
282870400,-1.57,0.63,-15.85
282874148,-2.04,1.41,-16.08
282877888,-1.10,3.06,-15.61
282881640,-1.02,2.51,-15.69
282885392,-0.94,3.14,-15.14
282889140,-1.33,3.22,-14.59
282892896,-1.02,2.82,-13.89
282896648,-1.26,2.20,-12.94
282900408,-0.71,1.57,-12.87
282904176,-0.31,1.57,-12.63
282907904,0.00,0.55,-11.77
282911632,0.31,-0.16,-12.55
282915376,-0.16,0.00,-11.22
282919100,0.00,-1.02,-11.30
282922808,0.39,0.00,-10.12
282926520,1.26,-0.71,-9.96
282930216,0.71,0.16,-9.81
282933884,0.55,0.47,-8.94
282937548,0.47,0.31,-9.26
282941228,0.16,0.24,-8.87
282944904,0.31,0.47,-8.47
282948568,0.78,1.49,-8.87
282952236,0.39,1.73,-9.26
282955916,0.24,1.57,-9.41
282959580,0.00,2.28,-9.26
282963240,0.39,1.57,-10.20
282966972,0.55,2.12,-10.36
282970724,0.08,1.49,-10.98
282974456,-0.39,0.94,-10.36
282978212,0.00,0.39,-10.98
282981928,-0.39,0.47,-10.43
282985668,0.00,0.24,-11.06
282989364,0.00,-0.39,-10.67
282993080,-0.39,0.00,-11.30
282996804,-0.55,-0.63,-10.12
283000556,-0.55,0.00,-10.90
283004272,0.00,-1.26,-11.85
283008028,0.24,-1.73,-11.92
283011776,-0.16,-1.49,-12.16
283015548,-0.39,-1.88,-10.83
283019320,-0.31,-1.49,-12.00
283023092,-0.31,-0.55,-10.90
283026828,0.00,0.00,-10.98
283030524,0.00,0.24,-11.06
283034244,-0.63,0.31,-10.43
283037996,-0.16,0.71,-10.20
283041740,-0.31,0.63,-10.59
283045500,-0.31,0.94,-10.67
283049252,0.31,0.78,-9.81
283052904,0.00,0.71,-10.04
283056612,0.00,0.55,-10.12
283060300,0.00,0.00,-9.96
283063924,0.00,-1.49,-10.12
283067660,0.00,-0.71,-10.59
283071380,0.00,-0.55,-10.59
283075100,0.24,0.00,-9.41
283078764,0.16,0.47,-10.12
283082500,0.55,1.73,-10.67
283086228,0.55,1.80,-10.36
283089972,0.16,1.49,-10.28
283093688,1.10,1.26,-9.96
283097376,0.86,0.86,-10.12
283101116,0.39,1.18,-10.67
283104860,0.47,1.49,-10.59
283108584,0.94,1.02,-10.36
283112324,0.31,0.47,-10.75
283116060,0.16,0.47,-10.83
283119796,0.24,0.31,-10.36
283123532,0.16,0.16,-10.28
283127272,0.16,-0.16,-10.20
283131008,0.00,-0.63,-10.28
283134744,0.16,-0.71,-10.43
283138504,0.63,-1.57,-10.75
283142252,0.00,-1.88,-10.12
283145972,0.00,-1.65,-10.98
283149696,-0.31,-2.51,-9.81
283153400,0.00,-1.33,-10.75
283157120,0.00,-1.41,-9.81
283160800,-0.08,-0.08,-10.36
283164556,-0.16,-0.08,-10.59
283168316,-0.08,0.16,-10.59
283172060,-0.31,0.63,-10.98
283175800,-0.47,1.02,-11.61
283179552,-0.63,0.63,-11.69
283183292,-0.71,1.18,-12.00
283187056,-0.39,1.18,-12.08
283190796,-0.16,1.18,-12.00
283194544,-0.31,0.71,-12.00
283198280,0.00,0.71,-11.69
283201980,0.00,0.55,-12.47
283205676,0.00,0.00,-11.53
283209352,0.00,0.16,-10.67
283213056,0.00,0.94,-10.98
283216764,0.08,0.47,-10.59
283220484,0.00,0.86,-10.51
283224196,0.16,0.31,-10.12
283227908,0.00,0.78,-9.73
283231552,0.00,0.24,-9.41
283235196,0.00,0.08,-10.12
283238896,0.00,-0.63,-8.87
283242580,0.24,-0.31,-11.06
283246304,0.16,0.00,-11.06
283249996,0.31,0.00,-10.12
283253712,0.16,0.00,-10.67
283257436,0.00,0.31,-10.75
283261136,0.00,0.08,-10.67
283264840,0.47,0.78,-11.53
283268560,0.00,0.24,-11.38
283272276,-0.16,1.10,-11.38
283276020,-0.16,0.08,-11.38
283279756,0.31,0.55,-10.83
283283492,0.00,0.24,-11.38
283287196,-0.08,-1.02,-10.43
283290932,0.00,-0.47,-10.90
283294636,0.00,0.00,-10.51
283298304,0.00,0.00,-10.75
283302004,0.08,-0.16,-11.30
283305744,-0.16,-0.86,-11.06
283309492,-0.31,0.00,-10.98
283313216,0.00,0.24,-11.22
283316916,0.00,0.39,-10.36
283320632,0.08,0.86,-10.43
283324356,-0.31,1.26,-10.04
283328116,0.08,1.80,-10.43
283331832,0.00,1.57,-10.75
283335548,-0.78,1.18,-10.12
283339300,-0.86,1.02,-10.83
283343056,-0.47,1.26,-10.59
283346812,-0.39,0.63,-10.43
283350564,-0.71,-0.63,-10.75
283354336,-0.47,-0.47,-10.98
283358100,-0.39,-0.71,-11.14
283361868,-1.02,-0.16,-11.45
283365632,-0.63,-0.31,-11.30
283369388,-0.55,0.00,-11.61
283373128,-0.63,-0.39,-12.24
283376896,-0.71,-0.31,-11.85
283380652,-0.47,0.00,-11.38
283384392,-0.08,0.31,-11.85
283388120,-0.16,0.00,-11.69
283391848,-0.55,0.86,-11.85
283395592,-0.63,0.55,-11.45
283399340,-0.78,1.10,-11.77
283403096,-0.47,0.55,-11.85
283406840,-0.55,0.86,-10.36
283410588,-0.71,0.39,-11.45
283414328,-0.47,0.71,-11.61
283418092,-0.31,0.24,-11.06
283421844,-0.16,0.94,-10.36
283425596,-0.63,-0.39,-10.43
283429372,-0.24,-0.31,-10.04
283433128,0.00,-0.31,-10.51
283436864,0.16,-0.63,-10.12
283440628,0.16,-0.94,-9.73
283444312,0.00,-0.94,-10.04
283448036,0.00,-0.16,-9.65
283451684,0.47,0.00,-9.81
283455320,0.00,0.31,-10.12
283459044,-0.08,1.02,-10.12
283462776,-0.08,1.33,-9.81
283466464,-0.16,1.18,-10.12
283470220,0.16,0.16,-10.98
283473952,-0.24,0.78,-10.67
283477684,-0.39,0.86,-9.89
283481368,-0.24,2.04,-10.43
283485120,-0.63,1.02,-10.67
283488876,-0.16,1.26,-11.30
283492632,-0.31,1.88,-11.45
283496396,-0.16,0.94,-11.30
283500144,-0.08,1.41,-10.75
283503880,-0.31,1.18,-11.61
283507644,-0.39,0.63,-11.06
283511396,-0.31,0.55,-11.06
283515140,-0.16,0.16,-10.04
283518884,-0.31,0.78,-9.73
283522580,-0.08,0.16,-10.75
283526320,-0.08,-0.63,-11.22
283530072,-0.16,0.00,-10.36
283533816,-0.16,0.31,-10.12
283537568,0.08,0.00,-10.28
283541280,0.08,0.55,-10.36
283545004,-0.24,0.31,-10.75
283548744,-0.39,0.63,-10.12
283552496,0.24,1.18,-10.36
283556240,-0.16,0.24,-10.43
283559984,0.00,0.71,-10.83
283563676,0.00,0.31,-10.51
283567384,-0.55,0.00,-10.20
283571112,-0.31,0.00,-10.67
283574824,0.00,-0.55,-10.12
283578572,0.47,-0.31,-10.83
283582328,-0.16,-1.26,-10.51
283586100,-0.47,-0.55,-11.22
283589860,-0.16,-1.49,-10.75
283593648,-0.31,-0.78,-10.12
283597416,-0.39,-1.18,-10.36
283601196,-0.31,-0.31,-10.90
283604956,-0.31,0.47,-10.04
283608704,-0.08,0.78,-9.96
283612392,-0.24,0.55,-11.06
283616140,-0.16,1.26,-10.12
283619896,0.24,0.24,-10.51
283623616,0.00,0.63,-10.12
283627340,-0.08,0.94,-9.65
283631004,0.00,0.47,-10.67
283634720,0.08,0.71,-10.43
283638436,-0.08,0.55,-10.36
283642172,-0.16,1.10,-9.26
283645872,0.16,1.10,-10.12
283649596,0.00,0.47,-9.81
283653256,-0.08,0.31,-10.98
283656972,0.00,0.00,-10.75
283660660,-0.16,1.57,-9.89
283664352,-0.16,0.55,-11.06
283668096,-0.16,0.71,-11.61
283671856,-0.39,0.63,-11.22
283675608,-0.31,0.63,-10.67
283679344,-0.08,0.00,-11.61
283683076,-0.47,0.94,-10.90
283686808,-0.31,0.00,-11.61
283690536,-0.47,0.00,-10.67
283694272,-1.02,0.71,-11.45
283698032,-0.39,0.86,-10.83
283701772,-0.55,1.26,-10.98
283705528,0.16,1.18,-11.69
283709272,-0.39,1.18,-11.30
283713040,-0.47,1.26,-11.77
283716808,-0.47,0.63,-11.06
283720544,-0.63,0.55,-11.14
283724276,-0.39,0.00,-10.59
283728016,-0.39,-0.08,-10.67
283731772,-0.71,0.39,-10.59
283735532,-0.16,0.31,-11.22
283739284,-0.16,1.02,-10.98
283743028,0.00,0.86,-10.36
283746744,-0.47,1.33,-10.98
283750488,0.00,1.49,-11.14
283754200,0.00,1.88,-11.30
283757924,-0.08,1.57,-11.22
283761660,0.00,1.18,-10.67
283765384,-0.16,0.63,-10.90
283769132,-0.31,0.39,-11.22
283772880,-0.86,0.08,-10.04
283776628,-0.39,0.16,-10.12
283780380,-0.16,1.02,-9.02
283784072,0.16,0.63,-10.04
283787804,-0.08,-0.31,-8.87
283791496,0.00,0.00,-9.10
283795092,0.00,-0.39,-9.57
283798748,0.00,-0.78,-9.02
283802392,0.00,-1.18,-9.81
283806072,0.00,-1.33,-10.28
283809812,0.00,-1.88,-9.65
283813488,-0.71,-0.94,-10.20
283817248,0.00,-1.41,-10.75
283820976,0.00,-0.63,-10.75
283824700,0.00,-0.47,-10.75
283828408,-0.24,0.00,-10.20
283832132,0.00,0.39,-10.90
283835840,-0.24,0.63,-10.51
283839596,-0.78,0.55,-10.90
283843328,-0.16,1.57,-10.75
283847076,-0.16,1.49,-11.30
283850824,-0.31,1.73,-11.85
283854592,-0.71,2.04,-12.71
283858336,-0.55,3.22,-12.63
283862076,-0.39,2.43,-12.40
283865820,-0.63,2.43,-12.47
283869572,-0.47,2.12,-12.55
283873328,-0.78,1.26,-12.87
283877076,-1.02,0.86,-13.02
283880824,-0.31,0.71,-12.40
283884588,-0.47,0.94,-11.77
283888328,-0.71,-0.63,-11.77
283892104,-0.39,-0.47,-10.83
283895868,-0.39,-0.86,-11.14
283899640,-0.63,-0.47,-11.30
283903396,-0.63,-1.33,-10.43
283907168,-0.39,-0.71,-10.51
283910936,-0.39,-0.71,-9.57
283914640,0.63,-1.10,-9.18
283918316,0.00,-0.63,-9.49
283921992,0.16,-0.63,-9.49
283925684,0.08,-0.63,-9.57
283929340,0.00,-0.55,-9.49
283933024,0.24,0.16,-9.41
283936704,0.39,-0.47,-8.87
283940392,0.08,0.08,-9.57
283944052,0.16,0.71,-9.57
283947728,0.24,1.73,-9.49
283951408,0.16,1.49,-10.04
283955140,0.47,1.57,-10.04
283958876,0.24,1.57,-10.04
283962608,0.00,1.10,-11.06
283966308,0.00,1.65,-10.51
283970052,0.31,1.18,-10.67
283973800,0.08,1.26,-10.75
283977540,-0.08,0.31,-10.43
283981276,0.08,0.00,-11.38
283984968,-0.24,0.00,-11.30
283988700,-0.24,-0.31,-11.61
283992464,-0.39,0.00,-10.67
283996184,0.00,-0.31,-11.06
283999888,0.08,0.00,-11.38
284003584,-0.47,0.00,-11.92
284007308,-0.39,0.24,-11.38
284011052,-0.63,0.00,-11.61
284014776,-0.08,0.00,-10.75
284018496,-0.31,0.39,-11.69
284022248,-0.39,0.31,-10.83
284025996,-0.08,0.08,-11.06
284029696,-0.39,0.00,-10.43
284033412,-0.31,0.00,-10.51
284037152,-0.08,0.63,-11.45
284040868,-0.16,0.00,-11.30
284044596,0.47,0.08,-11.45
284048312,0.00,0.31,-11.22
284052000,0.00,0.00,-11.14
284055704,-0.08,0.63,-10.98
284059464,-0.63,0.94,-10.43
284063200,0.00,0.86,-11.06
284066904,-0.24,0.00,-10.12
284070632,0.00,0.16,-10.36
284074356,-0.08,0.39,-9.49
284078028,0.00,0.24,-10.43
284081720,0.00,0.00,-9.81
284085352,0.00,0.08,-10.75
284089060,0.00,0.31,-10.12
284092760,0.00,0.55,-10.75
284096448,0.00,0.00,-10.28
284100124,0.00,0.31,-10.20
284103820,0.00,0.00,-10.75
284107496,0.00,0.55,-9.73
284111144,-0.24,0.24,-10.83
284114876,0.00,1.10,-10.43
284118608,-0.24,1.10,-10.83
284122364,-0.16,0.86,-11.22
284126108,-0.55,0.31,-10.36
284129868,-0.08,0.39,-10.83
284133604,-0.16,0.00,-11.14
284137340,-0.63,0.08,-10.43
284141076,-0.16,0.63,-11.22
284144816,0.00,0.24,-10.43
284148504,0.00,0.00,-10.12
284152192,-0.47,0.00,-9.89
284155872,-0.16,-0.31,-10.36
284159644,-0.16,-0.16,-10.51
284163416,-0.08,0.24,-10.28
284167164,-0.08,0.31,-10.43
284170904,-0.71,0.86,-10.90
284174648,-0.47,0.55,-10.98
284178388,-0.24,0.86,-10.43
284182132,0.00,0.86,-11.06
284185836,-0.39,0.39,-10.83
284189576,-0.39,1.10,-11.92
284193316,-0.63,0.00,-11.30
284197056,-0.63,0.08,-11.06
284200780,-0.31,0.00,-11.22
284204524,-0.39,-0.63,-10.90
284208280,-0.55,-0.24,-10.12
284212040,0.00,0.08,-10.43
284215716,0.00,-0.08,-9.89
284219380,0.00,0.24,-9.41
284223048,0.08,0.31,-10.75
284226752,0.24,0.00,-10.12
284230464,0.16,0.00,-10.28
284234152,0.00,0.55,-10.20
284237856,0.00,0.31,-10.51
284241556,0.00,0.16,-10.20
284245272,-0.47,0.08,-10.12
284249016,0.00,0.55,-10.20
284252732,-0.16,0.55,-10.12
284256476,0.00,0.47,-10.67
284260188,0.31,0.16,-11.30
284263920,-0.16,1.02,-10.43
284267676,-0.55,0.16,-10.75
284271400,0.00,0.55,-11.45
284275096,0.00,0.71,-10.90
284278804,-0.47,1.02,-11.22
284282536,-0.55,1.10,-10.90
284286280,-0.39,0.63,-11.30
284290024,-0.39,0.00,-11.14
284293748,-0.39,0.00,-11.38
284297484,-0.16,-0.24,-10.12
284301232,-0.08,0.00,-11.22
284304960,-0.16,0.47,-11.06
284308700,-0.16,0.24,-10.43
284312452,0.08,0.08,-10.43
284316168,-0.16,0.08,-10.12
284319908,0.00,0.16,-10.75
284323632,-0.08,0.31,-10.20
284327356,-0.31,0.00,-10.75
284331084,0.00,0.47,-12.00
284334796,-0.08,0.31,-11.53
284338532,-0.08,0.00,-11.14
284342244,0.00,0.39,-11.38
284345968,-0.08,0.78,-11.06
284349696,-0.16,0.47,-10.90
284353428,-0.24,0.00,-11.45
284357164,-0.63,0.16,-10.36
284360896,0.00,0.71,-10.04
284364616,-0.16,0.71,-10.51
284368372,0.00,0.24,-10.83
284372080,-0.63,0.00,-11.22
284375792,0.00,0.16,-10.36
284379504,0.00,0.31,-10.83
284383208,0.00,0.47,-10.43
284386936,-0.08,1.26,-10.51
284390672,0.24,1.02,-11.30
284394404,-0.16,0.94,-10.28
284398172,-0.16,0.16,-10.67
284401920,-0.39,0.55,-10.67
284405668,-0.16,0.63,-10.75
284409436,-0.24,1.26,-10.90
284413184,0.16,0.16,-10.75
284416896,-0.24,0.00,-10.28
284420636,-0.08,0.63,-10.43
284424392,-0.16,-0.31,-11.38
284428160,-0.39,0.00,-10.51
284431872,-0.39,0.00,-10.67
284435592,0.00,0.00,-11.53
284439288,-0.63,-0.63,-10.75
284443056,-0.63,0.47,-11.14
284446800,-0.24,0.08,-10.59
284450544,-0.16,0.31,-10.75
284454264,0.00,0.00,-11.06
284457960,-0.47,0.08,-10.20
284461684,0.00,0.31,-10.67
284465408,-0.16,1.18,-11.30
284469168,-0.47,1.18,-10.98
284472924,-0.31,0.71,-10.43
284476664,0.00,0.94,-9.81
284480312,0.00,1.57,-11.14
284484036,-0.39,1.49,-10.51
284487776,0.00,0.86,-11.06
284491492,-0.08,1.57,-10.59
284495240,-0.39,1.18,-10.83
284499000,-0.16,0.63,-10.90
284502740,-0.16,1.10,-10.75
284506492,-0.47,1.02,-11.45
284510252,-0.71,0.63,-11.06
284513976,-0.24,0.00,-10.83
284517712,-0.31,-0.08,-10.43
284521484,-0.24,-0.08,-11.38
284525244,-0.47,-0.63,-11.45
284529020,-0.16,-0.71,-10.59
284532792,-0.08,-0.94,-11.06
284536548,-0.08,-0.08,-10.04
284540268,0.00,0.00,-9.81
284543904,0.00,0.24,-9.18
284547556,0.00,0.00,-9.96
284551188,0.00,0.63,-9.34
284554856,0.24,1.18,-10.28
284558600,-0.39,1.02,-10.12
284562332,0.00,1.57,-10.12
284566044,-0.39,1.73,-9.73
284569756,-0.39,1.73,-10.83
284573516,-0.08,0.63,-10.43
284577252,-0.47,1.57,-10.98
284581012,-0.31,1.73,-10.67
284584772,-0.08,1.02,-11.30
284588520,-0.47,0.86,-12.08
284592244,-0.39,0.55,-12.16
284595996,-0.47,0.24,-11.92
284599748,0.16,0.39,-12.55
284603480,-0.24,0.71,-11.85
284607240,-0.31,0.24,-11.30
284610984,0.08,0.71,-11.38
284614724,-0.47,0.55,-11.22
284618464,-0.47,1.10,-11.38
284622216,-0.31,0.16,-10.28
284625964,-0.86,0.00,-10.12
284629684,-0.24,0.08,-9.96
284633364,-0.31,0.63,-10.28
284637112,0.00,0.39,-9.96
284640776,0.08,-0.24,-10.67
284644508,-0.24,0.00,-10.36
284648244,-0.08,0.16,-10.67
284651948,0.00,0.00,-10.20
284655628,0.00,0.00,-10.98
284659332,-0.08,0.78,-10.75
284663048,0.00,0.63,-10.51
284666764,-0.16,1.33,-10.12
284670504,0.00,1.18,-11.06
284674228,-0.08,1.02,-11.14
284677952,0.00,1.73,-10.59
284681656,0.00,0.39,-10.36
284685368,-0.39,0.55,-11.30
284689112,-0.63,0.24,-11.38
284692860,-0.24,1.18,-11.45
284696604,0.00,0.00,-10.67
284700300,-0.16,0.08,-11.61
284704048,-0.16,-0.31,-10.83
284707800,0.00,-0.31,-10.98
284711540,-0.08,-0.55,-10.20
284715296,-0.55,-0.63,-10.36
284719052,-0.16,0.00,-10.36
284722772,0.00,0.78,-10.51
284726488,0.08,0.71,-9.41
284730156,0.63,1.26,-10.12
284733880,0.00,1.49,-10.20
284737592,0.00,1.41,-10.51
284741320,-0.16,1.88,-10.04
284745080,-0.47,0.94,-10.28
284748828,-0.16,1.41,-10.20
284752576,-0.16,0.63,-10.43
284756332,-0.47,0.39,-10.43
284760080,-0.16,0.47,-10.36
284763816,-0.16,0.31,-11.06
284767552,0.00,0.31,-10.59
284771268,-0.08,0.08,-10.67
284775008,-0.47,0.31,-10.43
284778752,-0.39,0.00,-10.04
284782460,0.00,0.16,-9.57
284786104,-0.47,0.00,-10.98
284789820,-0.24,0.00,-10.75
284793564,-0.47,-0.94,-11.45
284797320,-0.08,0.00,-10.67
284801048,-0.71,0.63,-10.12
284804788,-0.16,0.55,-10.20
284808536,-0.39,0.08,-10.51
284812264,0.00,0.47,-10.67
284815984,-0.47,0.39,-10.83
284819724,-0.24,0.86,-10.98
284823480,-0.16,0.94,-10.98
284827220,-0.39,0.00,-10.36
284830948,-0.16,0.94,-10.43
284834684,0.00,0.63,-9.41
284838328,0.00,0.94,-9.81
284841980,0.00,0.55,-10.04
284845692,0.31,0.39,-10.51
284849436,0.16,0.55,-10.51
284853164,0.00,0.55,-10.04
284856856,0.00,0.86,-10.51
284860576,0.16,0.63,-10.12
284864296,0.00,0.55,-9.73
284867940,0.00,0.86,-10.75
284871640,0.00,0.08,-10.51
284875356,-0.47,0.55,-10.43
284879084,0.00,0.24,-10.59
284882792,-0.16,0.16,-10.67
284886548,-0.24,0.94,-10.28
284890296,-0.24,0.16,-11.22
284894044,-0.47,0.47,-11.06
284897780,-0.39,0.55,-11.38
284901520,-0.71,0.55,-10.98
284905276,-0.16,-0.39,-11.30
284909032,-0.24,0.00,-10.59
284912756,-0.24,0.00,-10.75
284916496,-0.47,0.31,-11.53
284920244,-0.63,0.31,-11.38
284924004,-0.16,0.31,-11.06
284927736,-0.71,0.00,-10.75
284931456,-0.71,0.00,-11.22
284935200,-0.47,0.39,-11.06
284938936,-0.24,0.71,-11.30
284942680,-0.31,0.55,-10.83
284946412,0.00,1.18,-11.14
284950124,-0.24,1.02,-11.06
284953860,-0.16,0.86,-11.06
284957612,-0.31,0.71,-10.98
284961368,-0.16,1.26,-10.67
284965124,-0.16,1.26,-10.98
284968872,0.00,1.02,-10.75
284972592,-0.71,1.26,-10.12
284976356,-0.24,0.47,-9.73
284980044,-0.16,0.16,-10.67
284983792,-0.55,0.71,-10.75
284987548,0.00,0.08,-10.75
284991248,0.00,0.31,-10.51
284994972,-0.39,0.24,-10.83
284998712,0.16,0.00,-10.98
285002416,-0.71,0.00,-9.96
285006084,-0.16,0.24,-10.83
285009840,-0.16,0.31,-10.20
285013596,-0.31,-0.55,-10.43
285017368,-0.16,-0.63,-10.04
285021120,0.00,0.31,-10.51
285024800,0.00,0.00,-10.12
285028508,0.08,0.47,-10.12
285032212,0.00,0.55,-9.81
285035864,0.00,0.24,-10.12
285039580,0.00,0.31,-10.75
285043308,0.16,1.10,-10.04
285047024,0.00,1.02,-10.75
285050744,-0.31,1.26,-11.22
285054500,-0.24,0.55,-11.06
285058236,-0.39,1.02,-11.30
285061984,-0.71,0.31,-11.06
285065712,0.00,1.10,-10.75
285069432,-0.39,0.94,-9.57
285073124,-0.16,1.10,-10.12
285076876,-0.39,25.34,-19.53
285080676,-19.14,-1.49,-13.34
285084508,-40.17,-40.17,-40.17
285088408,-40.17,-40.17,40.13
285092288,-40.17,-40.17,-40.17
285096184,40.13,40.13,-40.17
285100044,-40.17,-40.17,40.13
285103924,21.42,19.69,40.13
285107756,40.13,-40.17,2.43
285111560,40.13,-7.92,9.49
285115312,-40.17,-4.63,40.13
285119144,-37.66,-40.17,40.13
285123016,40.13,40.13,40.13
285126860,-17.65,31.70,40.13
285130704,40.13,-40.17,-40.17
285134600,-40.17,-40.17,-40.17
285138492,40.13,-40.17,40.13
285142360,-40.17,11.14,40.13
285146216,40.13,40.13,-3.30
285150016,6.12,28.48,-40.17
285153808,-14.51,40.13,-15.30
285157660,4.31,40.13,-8.79
285161412,6.43,24.40,-11.14
285165192,-4.79,24.40,-7.92
285168944,-0.78,18.83,-13.81
285172760,-13.81,13.73,-21.65
285176620,-7.45,1.02,-31.46
285180364,-4.24,-10.12,-25.81
285184208,-3.30,-12.16,-27.62
285188032,-7.06,-14.83,-27.38
285191860,-5.41,-13.96,-30.52
285195692,-9.49,-10.59,-30.52
285199532,-5.02,-8.94,-24.56
285203292,-6.04,-6.51,-22.83
285207048,-4.79,-8.08,-21.03
285210804,-6.43,-5.02,-21.50
285214564,-5.81,-4.94,-20.16
285218332,-3.84,-6.90,-18.51
285222100,-5.10,-5.41,-16.63
285225864,-3.84,-4.47,-13.89
285229632,-3.30,-3.14,-11.22
285233404,-2.75,-1.26,-9.10
285237104,-1.41,-2.35,-9.81
285240820,-1.18,-2.12,-8.16
285244544,-0.39,-2.51,-6.59
285248244,0.55,-2.12,-4.94
285251940,0.31,-2.82,-4.79
285255624,1.80,-5.10,-3.30
285259308,2.12,-3.92,-4.00
285263012,3.06,-3.77,-2.98
285266704,3.61,-1.73,-2.28
285270408,3.53,1.88,-5.49
285274072,-11.53,-5.73,-5.65
285277848,8.08,14.98,2.43
285281560,4.08,8.16,-2.28
285285224,5.49,6.20,-4.08
285288884,4.86,8.79,-2.12
285292568,3.84,6.43,-3.22
285296236,4.00,6.04,-3.77
285299896,4.31,5.41,-5.26
285303576,4.47,4.16,-5.96
285307252,4.00,3.69,-6.04
285310900,2.98,3.06,-6.90
285314560,2.51,2.75,-7.69
285318248,3.06,1.49,-8.00
285321904,2.20,2.51,-7.61
285325584,2.04,0.86,-9.49
285329228,1.41,0.00,-9.49
285332872,1.10,0.00,-8.16
285336536,1.26,-0.71,-9.10
285340232,0.78,-1.33,-9.10
285343924,0.55,-2.28,-9.49
285347628,0.39,-1.73,-9.57
285351324,0.55,-1.80,-10.04
285355072,0.31,-1.49,-10.90
285358800,0.00,-1.73,-10.59
285362544,0.00,-1.57,-11.22
285366292,-0.16,-1.57,-10.75
285370072,-0.39,-1.88,-11.69
285373840,-0.47,-1.10,-13.26
285377600,-0.63,-0.63,-13.49
285381376,-0.39,-0.63,-13.42
285385140,-0.16,0.47,-13.26
285388900,-0.71,-0.47,-13.42
285392652,0.00,0.86,-14.91
285396356,0.00,1.18,-14.51
285400056,0.00,0.63,-14.12
285403772,-0.16,2.59,-15.14
285407524,-0.08,2.67,-13.96
285411268,-0.24,2.90,-15.06
285415028,-0.16,3.69,-14.20
285418764,-0.16,3.77,-13.89
285422520,-0.16,3.14,-14.04
285426248,0.00,2.90,-14.36
285429968,-0.08,1.88,-13.89
285433720,0.08,1.57,-12.87
285437436,0.00,1.18,-12.47
285441160,0.08,0.63,-12.08
285444884,0.31,-0.16,-11.85
285448620,0.24,0.00,-11.69
285452332,0.55,0.08,-10.98
285456052,0.71,0.94,-10.43
285459784,0.94,0.94,-9.57
285463460,0.78,1.26,-9.02
285467136,0.78,2.04,-9.49
285470800,0.55,1.33,-9.41
285474472,0.78,1.41,-8.87
285478136,0.55,1.41,-9.57
285481800,1.18,1.02,-10.04
285485548,0.47,0.86,-10.36
285489284,0.39,1.57,-10.20
285493020,0.24,0.94,-10.43
285496744,0.47,0.00,-11.53
285500440,0.00,0.08,-11.06
285504132,-0.24,0.00,-11.22
285507860,-0.16,0.47,-11.45
285511612,-0.86,-0.31,-12.55
285515396,-0.47,0.24,-12.55
285519152,-0.47,0.86,-11.92
285522916,-0.47,0.24,-12.63
285526672,-0.47,0.94,-12.55
285530424,-0.86,0.94,-12.40
285534160,-1.02,1.26,-12.63
285537920,-0.71,0.63,-13.26
285541672,-0.78,1.26,-12.40
285545420,-0.71,0.39,-12.40
285549172,-0.39,0.86,-12.55
285552916,-0.63,0.86,-12.71
285556676,-0.71,0.94,-13.02
285560428,-1.10,0.94,-12.71
285564184,-0.71,1.49,-12.47
285567948,-0.31,1.10,-10.83
285571708,-0.39,1.88,-11.61
285575444,0.00,1.57,-12.24
285579152,0.00,1.49,-11.53
285582868,-0.16,1.73,-10.12
285586628,-0.16,0.71,-10.51
285590392,0.08,0.47,-10.04
285594108,0.16,0.00,-9.81
285597764,0.24,-0.24,-10.12
285601524,0.78,-0.47,-9.57
285605192,0.24,0.00,-10.28
285608912,0.31,0.71,-9.57
285612588,0.24,0.71,-9.89
285616280,0.16,0.94,-9.49
285619944,0.00,1.18,-10.04
285623672,-0.08,0.94,-11.30
285627408,0.00,1.57,-10.75
285631120,-0.08,1.49,-10.67
285634868,-0.47,1.57,-10.90
285638608,-0.55,2.04,-11.30
285642368,-0.16,2.12,-11.06
285646112,-1.02,1.18,-10.83
285649864,-0.08,0.63,-10.98
285653608,-0.47,0.00,-10.51
285657348,-0.31,-0.39,-10.12
285661120,-0.86,0.08,-11.06
285664852,-0.16,0.55,-10.28
285668608,-0.31,-0.31,-10.12
285672372,0.00,0.55,-10.36
285676092,-0.63,1.02,-10.12
285679844,-0.39,0.31,-11.06
285683584,-0.39,1.41,-10.59
285687328,-0.08,0.55,-11.45
285691072,-0.39,0.47,-10.98
285694808,-0.08,1.02,-11.77
285698544,0.00,0.00,-11.92
285702244,-0.39,0.08,-11.77
285705992,-0.08,-0.55,-10.36
285709752,-0.16,-0.31,-10.12
285713496,0.00,0.00,-10.36
285717176,0.00,0.63,-9.10
285720832,-0.16,1.02,-10.04
285724560,0.00,1.33,-10.36
285728252,0.00,1.26,-9.57
285731900,0.00,1.65,-10.43
285735592,0.00,1.88,-10.04
285739288,0.00,1.49,-10.43
285742992,0.00,1.49,-10.75
285746680,0.00,1.73,-10.98
285750412,-0.08,2.04,-11.06
285754132,0.00,1.26,-11.38
285757848,-0.08,1.02,-11.38
285761600,-0.16,1.41,-11.53
285765360,-0.08,1.41,-11.22
285769108,-0.47,0.94,-10.67
285772864,-0.55,0.39,-11.92
285776608,-0.71,1.18,-11.45
285780380,-0.94,0.16,-11.14
285784108,-0.55,0.00,-10.75
285787840,-0.71,0.24,-10.36
285791600,-0.16,0.47,-10.67
285795364,-0.47,0.24,-10.20
285799104,-0.16,0.78,-10.28
285802848,0.16,0.00,-9.96
285806476,0.00,0.00,-10.04
285810164,0.00,-0.47,-10.36
285813876,0.00,-0.55,-10.12
285817600,0.00,-0.94,-10.67
285821316,0.55,-0.78,-9.81
285825004,0.24,-0.71,-10.90
285828736,0.00,-0.31,-10.28
285832472,0.16,0.31,-10.83
285836176,0.00,0.00,-10.83
285839848,0.00,0.00,-9.81
285843500,0.16,0.31,-10.12
285847216,0.00,0.63,-11.22
285850920,0.00,0.86,-10.83
285854644,0.08,1.26,-11.06
285858380,-0.16,1.26,-10.59
285862136,-0.31,1.26,-10.75
285865904,-0.39,0.71,-10.90
285869640,-0.55,1.80,-11.14
285873392,-0.39,1.18,-10.75
285877152,-0.39,1.26,-10.12
285880920,-0.08,1.49,-10.75
285884668,-0.39,0.78,-11.22
285888424,-0.31,0.24,-11.06
285892180,-0.31,0.47,-11.14
285895932,-0.16,0.39,-11.45
285899664,-0.39,0.00,-11.38
285903392,-0.39,0.00,-11.69
285907116,-0.08,0.00,-11.14
285910836,-0.47,0.00,-11.06
285914552,-0.39,0.00,-11.53
285918292,-0.24,0.94,-10.98
285922032,-0.71,1.02,-12.08
285925768,-0.24,0.63,-11.45
285929528,-0.24,1.18,-11.14
285933276,0.00,0.31,-11.06
285936996,-0.31,-0.39,-11.38
285940752,0.00,0.16,-10.04
285944436,0.00,0.00,-10.04
285948124,0.16,0.55,-9.41
285951772,0.00,1.10,-9.96
285955428,0.00,0.47,-9.18
285959088,0.08,0.94,-8.79
285962744,0.00,1.57,-8.79
285966392,0.00,1.65,-9.41
285970040,0.00,0.94,-9.57
285973684,0.00,0.63,-9.96
285977348,-0.31,0.31,-9.49
285981040,0.08,0.31,-10.04
285984740,0.00,0.71,-9.73
285988400,-0.16,0.08,-10.59
285992124,0.00,0.31,-10.67
285995820,0.00,0.55,-10.59
285999540,-0.08,0.71,-10.12
286003292,-0.08,0.39,-10.59
286007016,0.00,0.39,-10.83
286010744,-0.63,1.10,-10.43
286014476,0.00,1.41,-11.06
286018192,-0.16,0.94,-11.22
286021936,-0.39,1.02,-11.77
286025684,-0.71,0.78,-12.16
286029436,-0.24,0.94,-11.53
286033176,-0.39,1.26,-11.77
286036936,-0.24,1.26,-11.06
286040704,-0.47,0.86,-11.30
286044460,-0.31,0.94,-11.53
286048216,-0.71,1.57,-11.61
286051972,-1.10,1.02,-11.38
286055728,-0.63,0.31,-11.61
286059492,-0.71,0.31,-11.85
286063228,-0.63,0.00,-11.06
286066964,-0.71,0.47,-11.61
286070716,-0.71,0.94,-10.59
286074480,-0.16,-0.16,-11.53
286078228,-0.55,0.00,-10.75
286081968,-0.39,0.00,-10.67
286085696,-0.47,0.00,-10.04
286089416,-0.16,0.24,-10.43
286093152,-0.24,0.00,-10.51
286096888,-0.16,0.39,-9.10
286100568,-0.24,0.00,-10.36
286104296,-0.63,0.31,-9.96
286107984,-0.39,1.18,-10.43
286111736,-0.16,1.49,-10.43
286115492,-0.24,1.18,-10.51
286119244,-0.31,1.18,-10.20
286122988,-0.16,1.49,-11.22
286126740,-0.39,1.02,-11.06
286130492,-0.39,1.02,-11.22
286134232,-0.71,1.26,-12.24
286137992,-0.78,0.55,-11.61
286141752,-0.94,0.47,-11.92
286145496,-0.47,0.39,-12.47
286149240,-0.55,0.00,-12.00
286152960,-0.24,0.00,-11.30
286156680,0.00,-0.47,-11.69
286160412,-0.71,-0.16,-11.14
286164176,-0.16,-0.55,-11.30
286167920,0.00,0.00,-10.75
286171600,0.08,0.00,-10.83
286175292,0.00,-0.31,-11.22
286179008,0.00,0.71,-10.43
286182724,-0.16,1.57,-10.12
286186476,-0.47,1.10,-10.04
286190216,-0.16,1.49,-10.59
286193968,-0.08,1.41,-9.41
286197664,-0.16,1.57,-11.45
286201408,0.00,1.02,-10.67
286205108,0.00,1.18,-10.83
286208828,-0.24,1.18,-10.28
286212584,-0.16,0.08,-11.06
286216324,-0.08,0.31,-10.67
286220076,-0.31,-0.31,-10.67
286223836,-0.39,0.00,-10.83
286227572,0.08,-0.71,-11.06
286231308,-1.02,-1.26,-10.59
286235084,-0.16,-0.71,-10.04
286238848,-0.31,0.00,-10.75
286242568,-0.94,0.00,-10.12
286246296,0.00,0.31,-10.04
286250012,-0.08,0.86,-10.90
286253716,0.00,0.78,-10.83
286257432,-0.16,1.88,-11.06
286261184,-0.31,1.80,-11.06
286264936,-0.31,0.86,-11.45
286268692,-0.86,1.10,-11.69
286272448,-0.47,1.49,-10.98
286276208,-0.47,1.18,-10.36
286279968,-0.24,1.18,-11.85
286283720,-0.63,0.63,-11.92
286287492,-0.47,0.31,-11.61
286291240,-0.71,0.39,-11.30
286294996,-0.63,0.78,-10.98
286298744,-0.31,0.08,-10.90
286302472,-0.16,0.00,-10.67
286306200,0.47,-0.71,-9.41
286309892,-0.63,-0.63,-9.73
286313596,0.00,-0.16,-10.28
286317344,-0.39,0.31,-10.20
286321080,0.24,0.00,-10.43
286324788,-0.47,0.00,-11.14
286328528,-0.16,0.47,-10.28
286332276,0.00,0.47,-11.22
286336004,-0.31,0.08,-10.90
286339724,0.00,0.39,-10.67
286343432,-0.24,1.18,-10.20
286347196,-0.16,0.71,-10.36
286350940,0.00,1.26,-10.12
286354672,0.08,1.10,-10.43
286358384,0.00,1.02,-10.36
286362112,-0.08,0.94,-10.75
286365864,-0.08,0.24,-9.73
286369536,0.00,0.63,-10.04
286373240,0.00,0.55,-10.04
286376944,0.00,0.78,-9.49
286380596,-0.16,0.78,-10.83
286384360,0.24,0.94,-10.28
286388084,-0.16,1.10,-10.75
286391848,-0.08,0.24,-10.75
286395576,0.63,0.55,-11.61
286399300,-0.24,0.00,-11.38
286403036,-0.31,-0.08,-11.14
286406784,0.08,0.00,-10.28
286410488,-0.16,0.55,-11.22
286414236,-0.31,0.55,-10.51
286417980,-0.31,0.00,-10.75
286421716,-0.63,0.63,-10.75
286425476,-0.94,0.63,-10.90
286429216,-0.16,0.00,-10.36
286432944,-0.39,-0.08,-10.59
286436712,-0.47,0.39,-11.38
286440436,-0.16,0.00,-10.90
286444164,-0.08,-0.39,-10.12
286447924,-0.08,0.08,-10.12
286451636,-0.63,0.00,-10.43
286455388,-0.16,0.24,-11.06
286459116,0.00,0.63,-10.90
286462832,0.08,0.16,-10.75
286466572,0.24,0.86,-10.12
286470300,0.00,1.26,-9.96
286473952,0.00,1.33,-9.81
286477592,0.00,1.18,-9.10
286481260,0.24,1.33,-10.43
286485004,-0.31,2.12,-10.20
286488744,0.00,2.20,-10.20
286492452,0.00,1.57,-10.04
286496168,0.08,0.63,-10.67
286499900,-0.39,0.16,-11.22
286503636,0.00,0.24,-10.75
286507348,0.00,0.16,-10.90
286511040,0.00,-0.71,-10.75
286514776,-0.39,-0.63,-10.75
286518548,-0.39,0.16,-10.59
286522304,-0.39,-0.71,-10.75
286526084,-0.71,-0.24,-10.98
286529856,-0.08,-0.39,-10.12
286533612,-0.16,-0.78,-9.49
286537332,-0.63,-0.31,-10.20
286541096,-0.16,-0.08,-10.12
286544848,-0.24,0.00,-10.98
286548592,-0.71,0.08,-11.30
286552336,-0.16,0.47,-11.69
286556080,-0.47,0.63,-10.59
286559832,-0.47,0.47,-10.98
286563556,-0.71,0.00,-10.12
286567296,-0.39,0.63,-10.67
286571052,-0.47,1.18,-11.85
286574804,-0.39,0.31,-11.45
286578564,-0.08,0.63,-11.38
286582296,-0.47,1.26,-12.16
286586060,-0.39,1.26,-10.98
286589804,-0.16,1.49,-10.67
286593564,-0.31,0.94,-11.77
286597328,-0.39,1.57,-11.38
286601076,0.63,0.86,-10.51
286604792,0.00,0.24,-10.59
286608512,0.00,0.55,-10.67
286612208,0.00,0.47,-10.28
286615928,0.24,0.00,-10.12
286619648,0.24,0.24,-10.04
286623368,0.39,1.02,-9.34
286627036,0.24,1.02,-9.73
286630696,0.16,0.55,-9.89
286634368,0.24,1.33,-9.57
286638052,0.55,0.24,-8.87
286641716,0.00,0.16,-9.26
286645372,0.24,0.00,-9.10
286649008,0.24,0.24,-9.96
286652676,0.00,-0.16,-9.49
286656356,-0.08,0.08,-10.28
286660060,0.00,0.00,-9.96
286663692,0.00,0.39,-10.90
286667388,-0.31,0.55,-10.67
286671144,-0.55,0.08,-10.51
286674888,-0.16,0.63,-11.30
286678636,-1.02,0.71,-11.69
286682392,-0.63,0.55,-12.16
286686128,-0.78,0.00,-12.00
286689852,-1.26,0.24,-12.00
286693600,-0.78,0.63,-12.00
286697348,-0.39,0.86,-11.69
286701080,-0.47,0.00,-12.00
286704812,-0.16,0.08,-10.75
286708564,-0.08,0.63,-10.75
286712320,-0.16,0.94,-10.20
286716056,0.47,0.63,-10.12
286719788,0.00,0.71,-10.36
286723500,0.00,1.10,-9.81
286727140,0.00,0.47,-9.10
286730772,0.00,1.10,-10.04
286734488,0.08,0.47,-10.04
286738192,0.55,0.55,-9.96
286741848,0.00,0.55,-10.20
286745560,0.08,-0.31,-9.81
286749224,0.00,0.00,-10.43
286752932,0.08,0.24,-11.38
286756632,-0.78,0.00,-10.75
286760368,-0.31,0.55,-11.69
286764116,0.08,0.31,-10.36
286767848,-0.63,0.31,-10.98
286771592,-0.47,1.10,-10.67
286775352,-0.39,0.08,-10.90
286779088,-0.24,0.94,-10.75
286782832,-0.39,0.00,-10.75
286786572,-0.47,0.24,-10.67
286790292,-0.31,0.00,-11.06
286794024,-0.71,0.24,-10.20
286797764,-0.08,0.78,-10.43
286801508,-0.16,0.47,-10.83
286805268,-0.39,0.71,-11.69
286809016,-0.71,0.86,-11.30
286812756,-0.39,0.31,-11.30
286816508,-0.39,0.24,-11.53
286820256,-0.08,0.55,-11.22
286823996,-0.31,1.10,-10.28
286827740,-0.24,1.02,-11.45
286831496,-0.16,0.78,-10.90
286835248,0.31,0.39,-10.98
286838988,0.08,0.39,-10.36
286842696,0.00,0.16,-9.89
286846364,-0.08,0.08,-10.20
286850096,-0.24,0.24,-10.04
286853840,-0.16,0.47,-10.04
286857572,0.00,0.31,-10.12
286861272,0.00,0.24,-10.59
286864992,0.47,0.39,-10.20
286868700,0.00,0.24,-10.59
286872404,0.00,0.86,-10.28
286876084,0.00,0.00,-10.67
286879784,0.16,0.00,-10.43
286883504,-0.31,0.78,-10.12
286887268,-0.24,-0.24,-10.90
286891028,-0.31,-0.55,-11.14
286894796,0.08,0.47,-10.59
286898520,-0.08,0.16,-10.59
286902244,-0.16,0.00,-11.30
286905984,-0.16,0.39,-12.00
286909724,-0.31,0.94,-11.92
286913480,-0.31,1.02,-11.22
286917244,-0.24,1.26,-10.83
286921004,0.24,0.94,-11.30
286924728,-0.16,0.55,-11.06
286928468,0.00,0.31,-9.89
286932128,-0.16,0.55,-10.83
286935880,-0.47,1.02,-11.14
286939636,-0.16,0.63,-10.28
286943384,0.00,1.02,-9.10
286947024,0.00,0.94,-9.73
286950680,0.08,0.94,-10.59
286954400,0.16,0.94,-10.12
286958140,-0.16,0.94,-10.59
286961872,0.00,0.71,-10.67
286965584,-0.39,1.33,-10.59
286969340,-0.08,1.33,-11.61
286973084,-0.16,0.63,-10.67
286976840,-0.39,0.55,-11.45
286980592,-0.63,0.71,-10.51
286984356,-0.39,0.47,-10.67
286988084,-0.31,0.00,-11.14
286991820,-0.39,-0.08,-10.51
286995568,0.00,-0.16,-10.83
286999288,0.00,-0.47,-10.28
287003000,0.00,-0.63,-9.81
287006672,0.00,-0.63,-11.22
287010400,0.00,-0.16,-10.20
287014112,0.16,0.00,-10.20
287017808,0.00,0.00,-10.28
287021504,0.00,0.24,-10.36
287025236,-0.47,0.47,-10.51
287028972,0.08,1.02,-10.12
287032680,0.00,1.80,-9.49
287036344,0.00,1.57,-10.12
287040060,-0.16,2.12,-10.12
287043824,0.24,1.65,-10.83
287047544,0.00,2.04,-10.12
287051256,0.00,2.04,-10.51
287054972,-0.31,1.26,-10.75
287058728,-0.08,1.26,-10.12
287062472,-0.16,0.00,-11.30
287066184,-0.39,0.00,-10.59
287069900,0.00,0.00,-10.28
287073600,-0.78,-0.08,-10.36
287077356,-0.24,-0.47,-10.98
287081116,-1.02,-0.78,-11.14
287084888,-0.08,-0.31,-10.75
287088648,-0.39,-0.55,-11.69
287092404,-0.08,-0.39,-11.38
287096140,-0.31,0.00,-11.14
287099864,-0.16,0.00,-10.04
287103592,-0.24,0.00,-10.67
287107320,-1.02,0.00,-10.75
287111052,-0.47,-0.08,-10.98
287114812,-0.08,0.24,-11.06
287118524,0.00,1.10,-10.90
287122248,-0.86,0.47,-11.30
287125996,0.16,1.33,-10.98
287129728,-0.08,1.88,-10.83
287133468,-0.16,1.88,-10.12
287137228,-0.31,0.94,-11.06
287140956,0.00,1.18,-10.59
287144668,0.16,1.10,-11.06
287148392,0.16,1.33,-11.30
287152128,0.55,0.86,-10.75
287155832,0.00,1.02,-10.12
287159544,-0.16,0.63,-10.12
287163280,0.00,0.16,-9.26
287166928,0.00,0.55,-10.12
287170656,0.16,-0.55,-10.67
287174372,0.00,0.00,-10.36
287178064,0.00,0.08,-10.83
287181756,0.00,0.08,-9.41
287185404,0.00,-0.08,-10.04
287189120,-0.16,0.08,-9.41
287192812,-0.39,0.16,-10.12
287196540,0.00,1.02,-11.30
287200248,0.00,0.24,-10.98
287203968,-0.39,1.18,-10.83
287207720,-0.39,0.24,-10.75
287211468,-0.55,0.55,-10.36
287215236,-1.02,-0.31,-10.67
287218996,-0.39,1.18,-11.22
287222740,-0.55,0.31,-10.12
287226488,0.00,0.63,-10.90
287230208,0.24,0.63,-11.14
287233932,0.00,1.02,-10.51
287237648,-0.24,1.57,-10.12
287241400,0.00,1.02,-10.12
287245120,-0.08,1.33,-9.73
287248816,-0.16,0.71,-10.51
287252572,-0.31,0.47,-10.04
287256324,-0.31,0.47,-10.90
287260052,0.00,0.78,-10.59
287263772,0.16,-0.08,-10.28
287267476,0.00,0.00,-10.12
287271172,-0.16,-0.31,-10.12
287274940,0.31,-0.47,-10.67
287278676,0.00,0.16,-10.59
287282388,-0.16,-0.55,-9.57
287286084,0.00,0.16,-10.59
287289784,-0.24,0.00,-10.28
287293536,-0.16,0.39,-10.28
287297272,0.00,0.24,-10.12
287300976,0.00,1.33,-10.43
287304684,0.00,0.55,-11.22
287308404,-0.16,1.02,-10.28
287312124,0.00,1.10,-10.59
287315832,-0.31,0.71,-10.36
287319592,-0.47,0.78,-10.28
287323336,0.00,0.94,-10.12
287327048,-0.08,0.78,-9.02
287330724,-1.02,1.57,-10.12
287334468,-0.63,2.35,-10.04
287338204,0.00,2.20,-9.57
287341880,1.49,-33.34,-40.17
287345696,-23.61,4.24,-25.11
287349504,40.13,40.13,-40.17
287353364,26.83,-40.17,40.13
287357232,-40.17,-8.87,-40.17
287361084,-40.17,-10.43,40.13
287364964,13.96,40.13,-40.17
287368824,-40.17,40.13,40.13
287372676,-5.73,-40.17,40.13
287376504,40.13,-40.17,40.13
287380368,-1.57,-40.17,40.13
287384196,-40.17,-40.17,40.13
287388088,-7.14,-40.17,40.13
287391924,40.13,4.39,40.13
287395704,-40.17,40.13,-40.17
287399572,-40.17,40.13,40.13
287403432,40.13,40.13,35.23
287407288,40.13,-8.71,-40.17
287411120,-11.06,35.07,40.13
287414960,-0.71,40.13,-1.88
287418696,2.20,40.13,-16.08
287422496,-7.37,24.09,-16.95
287426292,0.00,30.99,-8.94
287430000,-0.24,29.81,-8.24
287433756,-4.79,15.61,-12.79
287437560,-3.84,14.98,-19.77
287441364,-6.35,10.67,-23.30
287445168,-9.81,2.28,-27.30
287448912,-5.73,-7.22,-28.64
287452692,-6.67,-12.63,-28.56
287456528,-6.90,-11.38,-30.83
287460360,-6.04,-10.36,-29.18
287464184,-6.20,-10.98,-25.89
287468020,-6.20,-11.38,-24.95
287471848,-6.04,-10.20,-22.59
287475660,-5.81,-10.04,-20.71
287479500,-5.73,-10.51,-19.06
287483332,-5.02,-9.89,-17.02
287487096,-4.31,-8.87,-15.61
287490888,-3.30,-7.53,-13.89
287494656,-2.75,-4.31,-12.63
287498444,-1.96,-3.45,-11.38
287502212,-1.02,-2.28,-9.89
287505920,0.08,-1.41,-8.47
287509592,0.47,0.00,-7.92
287513228,0.55,-1.10,-6.35
287516920,1.18,-1.96,-6.51
287520616,1.96,-3.14,-3.77
287524324,2.90,-2.82,-4.08
287527992,2.98,-1.41,-3.84
287531660,4.71,0.00,-2.20
287535316,4.86,2.35,-3.06
287538976,4.71,3.53,-1.88
287542652,5.10,4.00,-1.96
287546308,5.41,5.02,-2.12
287549964,5.65,4.16,-2.59
287553640,5.26,4.94,-3.61
287557308,5.26,4.31,-3.37
287560972,5.33,3.92,-3.84
287564648,5.26,3.37,-3.22
287568324,4.94,1.73,-4.31
287572004,4.63,0.55,-4.31
287575676,3.69,0.24,-4.79
287579352,3.77,-0.08,-5.65
287583028,3.37,-0.16,-5.41
287586728,2.98,-0.16,-5.02
287590432,1.88,-0.39,-6.43
287594112,1.88,-0.39,-7.30
287597804,1.18,0.08,-7.92
287601480,0.78,-2.98,-8.39
287605176,10.12,22.59,-22.91
287609024,-1.41,0.63,-4.63
287612704,-2.59,-4.31,-8.79
287616408,-3.69,-0.31,-8.87
287620124,-1.18,0.31,-10.59
287623884,-1.73,-1.10,-11.77
287627648,-2.12,-1.33,-12.87
287631428,-0.16,-1.65,-14.44
287635212,-0.24,-1.26,-14.51
287638980,-1.10,-0.71,-15.06
287642752,-0.47,-1.65,-15.53
287646504,-0.78,0.00,-15.30
287650224,-1.02,0.31,-15.38
287653976,-0.39,0.63,-13.89
287657724,-0.08,1.65,-14.98
287661468,0.24,2.51,-13.89
287665208,0.55,2.51,-14.83
287668940,0.24,2.51,-13.89
287672688,0.71,2.04,-14.12
287676432,0.78,2.75,-13.57
287680164,0.94,3.37,-13.18
287683900,0.78,2.51,-13.10
287687632,0.24,2.67,-12.55
287691372,0.94,2.12,-12.55
287695104,0.78,2.51,-11.77
287698856,0.86,1.49,-12.87
287702588,0.86,0.55,-12.79
287706324,0.94,0.47,-11.85
287710056,0.86,0.08,-11.53
287713788,1.26,-0.86,-11.61
287717540,1.02,-1.57,-10.67
287721308,0.78,-0.71,-10.98
287725060,0.78,-1.02,-9.65
287728744,1.02,-0.31,-9.26
287732440,0.71,-0.71,-9.49
287736124,0.55,-0.31,-9.49
287739824,0.47,0.24,-8.47
287743484,0.00,0.24,-10.04
287747200,0.55,1.18,-10.28
287750924,0.00,1.26,-10.36
287754652,-0.16,0.94,-10.12
287758384,0.00,1.88,-10.67
287762100,-0.08,2.20,-11.92
287765848,-0.47,1.88,-12.47
287769588,-0.47,1.26,-12.79
287773344,-1.02,1.49,-12.63
287777088,-1.02,1.18,-13.26
287780848,-0.16,0.08,-14.12
287784572,-0.16,0.00,-13.89
287788304,-0.16,0.08,-12.79
287792060,-0.39,-0.16,-13.10
287795788,0.00,0.00,-11.92
287799492,0.08,0.31,-11.53
287803228,-0.71,0.24,-11.61
287806964,0.00,0.31,-10.98
287810668,0.00,0.24,-10.75
287814384,-0.08,1.10,-11.61
287818132,0.24,0.78,-10.83
287821864,0.00,0.55,-11.22
287825568,0.00,0.78,-10.75
287829284,0.47,1.02,-11.38
287833008,0.00,0.71,-10.98
287836700,0.00,1.41,-10.59
287840436,-0.08,2.43,-11.30
287844184,-0.55,1.65,-11.06
287847920,0.00,1.73,-11.14
287851644,-0.24,1.10,-10.75
287855384,0.00,0.78,-11.14
287859100,0.16,-0.47,-11.53
287862856,0.08,-0.94,-11.22
287866584,0.00,-0.94,-11.53
287870320,0.24,-1.65,-9.49
287874020,0.16,-0.94,-10.59
287877760,0.47,-0.47,-9.49
287881452,0.00,-0.39,-10.12
287885172,0.00,0.08,-10.04
287888884,-0.31,0.16,-9.57
287892572,-0.39,0.00,-10.28
287896308,-0.16,0.39,-10.75
287900060,-0.47,1.26,-10.75
287903808,-0.16,0.55,-11.30
287907560,-0.31,0.94,-11.45
287911304,-0.55,1.88,-11.30
287915052,-0.31,0.63,-11.22
287918804,-0.63,1.18,-11.14
287922568,-0.71,1.80,-11.22
287926324,-0.39,0.55,-10.75
287930064,-0.08,0.71,-11.06
287933804,-0.39,0.39,-11.14
287937548,-0.39,0.00,-10.75
287941284,-0.47,-0.31,-10.43
287945060,-0.78,0.08,-10.20
287948812,-0.47,-0.78,-10.04
287952560,-0.39,-0.39,-10.36
287956336,-0.31,-0.31,-11.61
287960112,-0.16,-0.24,-12.00
287963884,-0.39,-1.02,-12.47
287967644,-0.31,-1.18,-11.38
287971412,-0.16,0.00,-10.75
287975132,-0.39,0.00,-10.67
287978876,-0.63,0.31,-11.61
287982640,-0.47,1.57,-10.75
287986384,-0.24,1.49,-10.75
287990136,-0.08,0.78,-11.30
287993884,0.16,0.24,-10.12
287997624,-0.16,0.24,-10.83
288001392,-0.16,0.94,-11.22
288005144,0.55,0.63,-10.20
288008864,-0.16,0.55,-10.36
288012604,0.00,0.86,-10.83
288016316,0.00,1.18,-11.14
288020036,-0.31,1.18,-10.67
288023780,0.00,1.18,-10.83
288027504,-0.08,1.41,-10.75
288031228,0.00,1.10,-11.06
288034928,0.31,1.41,-10.43
288038644,0.00,1.26,-10.75
288042360,0.00,1.18,-10.67
288046068,-0.08,1.33,-11.06
288049808,0.24,0.63,-11.06
288053524,0.00,0.63,-11.14
288057208,0.00,0.00,-11.53
288060900,-0.16,0.00,-11.22
288064632,-0.31,0.47,-10.51
288068388,-0.08,0.47,-11.38
288072100,0.00,0.00,-11.69
288075792,0.00,0.16,-10.83
288079504,-0.55,0.08,-11.06
288083240,-0.71,0.47,-10.75
288086996,-0.39,0.71,-11.53
288090748,-0.16,1.02,-10.75
288094504,-0.08,0.47,-10.43
288098244,-0.16,0.86,-10.59
288102012,-0.16,0.08,-10.75
288105744,-0.47,0.55,-11.14
288109488,0.16,1.02,-10.83
288113220,-0.31,1.02,-11.06
288116952,-0.39,0.00,-10.36
288120672,-0.08,0.00,-10.28
288124416,-0.39,0.08,-10.59
288128156,-0.39,-0.39,-10.20
288131916,-0.08,-0.78,-11.14
288135684,-0.08,-0.39,-11.14
288139444,-0.16,-0.47,-11.06
288143208,-0.08,0.31,-11.69
288146952,-0.47,0.24,-11.61
288150704,-0.39,0.47,-11.38
288154460,-0.39,0.63,-11.61
288158208,0.00,0.31,-11.92
288161928,-0.16,0.31,-10.75
288165660,0.00,0.24,-10.67
288169368,0.00,0.94,-10.67
288173076,-0.08,1.18,-10.36
288176792,0.00,1.10,-10.36
288180512,0.24,1.41,-10.04
288184252,0.16,1.26,-9.57
288187924,0.24,0.63,-8.94
288191604,0.47,0.71,-9.41
288195276,0.47,0.08,-9.34
288198936,0.16,0.47,-10.04
288202664,0.08,0.08,-9.49
288206328,0.16,0.24,-10.04
288210060,-0.08,-0.63,-10.83
288213828,-0.24,-0.24,-10.28
288217604,-0.16,-0.47,-10.36
288221368,1.10,-0.63,-10.67
288225112,-0.55,-0.39,-10.83
288228876,-0.55,0.16,-10.12
288232632,-0.71,0.08,-11.53
288236380,-0.47,0.39,-11.30
288240136,-0.47,0.63,-10.90
288243872,-0.55,0.00,-11.30
288247612,-0.47,0.24,-11.85
288251344,-0.47,0.00,-10.67
288255060,-0.31,0.00,-11.61
288258804,-0.08,0.94,-11.30
288262528,-0.08,0.94,-10.12
288266276,-0.16,1.33,-10.67
288270028,-0.24,1.26,-10.12
288273784,-0.08,0.63,-11.38
288277544,-0.39,1.02,-11.14
288281300,-0.47,0.94,-11.06
288285040,-0.78,0.63,-11.45
288288800,-0.47,0.86,-10.83
288292528,-0.47,0.55,-11.30
288296276,-0.47,-0.08,-10.83
288300032,-1.02,-0.16,-11.22
288303784,-0.47,0.00,-10.90
288307512,-0.31,-0.39,-10.12
288311284,-0.16,-0.31,-10.67
288315048,-0.24,0.63,-10.36
288318792,-0.16,-0.47,-10.67
288322556,-0.08,-0.55,-10.67
288326300,0.00,0.16,-10.12
288330012,-0.16,0.16,-9.96
288333684,0.00,0.31,-10.12
288337420,0.16,0.08,-10.36
288341136,0.08,0.00,-10.98
288344808,0.00,0.00,-11.38
288348492,0.00,0.08,-11.22
288352180,0.00,0.00,-10.36
288355868,0.00,0.08,-11.69
288359576,0.00,0.31,-10.98
288363300,0.08,0.63,-10.98
288367004,0.00,0.47,-11.06
288370724,-0.24,0.78,-11.14
288374472,-0.16,0.31,-11.69
288378232,-0.39,0.55,-10.83
288381976,-0.31,0.00,-11.30
288385712,-0.47,0.47,-11.38
288389452,-0.63,0.00,-12.00
288393176,-0.55,0.47,-10.98
288396924,-0.55,0.39,-11.85
288400660,-1.18,0.71,-11.45
288404420,-0.24,0.78,-11.38
288408180,-0.39,0.63,-11.61
288411920,0.00,0.94,-10.83
288415636,-0.71,0.71,-11.61
288419388,-0.39,0.86,-10.36
288423132,-0.24,0.39,-10.75
288426876,0.08,1.10,-10.43
288430604,-0.31,0.24,-10.59
288434360,-0.08,0.47,-10.59
288438092,-0.71,0.24,-10.36
288441840,0.00,0.31,-10.67
288445544,0.00,-0.24,-10.04
288449256,0.00,-0.55,-10.51
288452980,0.00,-0.39,-10.04
288456680,0.00,-0.86,-9.49
288460352,-0.31,-1.26,-9.49
288464068,-0.16,-0.94,-9.89
288467776,-0.16,-0.94,-9.81
288471472,-0.16,-0.55,-10.20
288475228,0.31,-0.16,-10.98
288478968,-0.71,0.00,-11.30
288482700,-0.39,0.63,-10.67
288486456,-0.16,1.49,-10.75
288490208,-0.31,1.73,-11.30
288493964,-0.39,1.57,-11.61
288497720,-0.24,1.80,-10.51
288501468,-0.71,2.12,-10.28
288505220,-0.71,1.26,-11.30
288508984,-0.31,1.49,-10.83
288512732,-0.31,1.18,-11.53
288516492,-0.47,0.31,-11.38
288520252,-0.63,0.47,-10.83
288523960,0.00,0.00,-10.67
288527660,-0.08,-0.08,-10.75
288531404,0.00,-0.24,-9.96
288535064,0.00,-0.16,-10.04
288538796,0.08,-0.63,-9.89
288542480,-0.39,-0.55,-10.12
288546244,0.39,0.08,-9.89
288549896,0.24,0.00,-9.02
288553544,0.16,0.86,-9.73
288557220,0.31,0.39,-9.81
288560892,0.00,0.94,-10.43
288564596,0.00,1.18,-9.57
288568264,0.08,1.33,-10.04
288571984,0.00,1.18,-10.04
288575672,0.00,0.71,-10.04
288579400,0.31,0.71,-10.67
288583148,-0.24,0.39,-10.04
288586892,-0.24,0.24,-10.12
288590624,-0.31,0.00,-10.51
288594352,-0.16,-0.55,-11.30
288598108,-0.47,-0.31,-9.89
288601812,-0.55,0.31,-10.12
288605572,-0.24,-0.63,-10.04
288609328,-0.71,-0.31,-10.59
288613092,-0.47,-0.55,-11.30
288616860,-0.71,-0.94,-11.06
288620620,-0.47,-0.08,-10.67
288624384,-0.24,-0.08,-10.12
288628144,-0.47,-0.55,-11.06
288631908,-0.16,-0.71,-11.45
288635660,-0.47,0.00,-10.67
288639388,-0.39,0.16,-11.30
288643108,0.00,0.00,-11.61
288646804,-0.47,0.39,-11.06
288650536,-0.24,1.18,-10.75
288654284,-0.16,1.26,-11.22
288658040,-0.55,1.80,-11.22
288661780,-0.08,2.35,-10.75
288665528,-0.16,2.04,-10.98
288669284,-0.08,2.28,-10.67
288673020,0.00,1.80,-11.22
288676724,0.00,1.57,-11.38
288680440,0.00,0.78,-11.06
288684136,0.00,0.24,-10.59
288687840,0.00,0.00,-11.30
288691524,-0.24,0.00,-10.51
288695216,0.00,0.00,-10.28
288698904,0.00,-0.55,-10.51
288702644,-0.47,-0.39,-10.04
288706392,0.00,-0.08,-10.12
288710088,0.00,0.00,-10.43
288713776,0.00,-0.39,-10.67
288717484,0.00,-0.78,-10.43
288721204,0.00,-1.02,-10.36
288724940,-0.39,-0.71,-10.43
288728708,-0.39,0.08,-10.36
288732440,-0.24,-0.31,-11.30
288736196,-0.16,0.47,-11.06
288739948,-0.39,0.55,-11.38
288743704,-0.63,0.31,-11.06
288747436,0.00,0.31,-12.08
288751152,-0.24,0.86,-11.06
288754880,-0.39,0.63,-11.53
288758628,-0.08,0.55,-11.77
288762372,-0.16,0.63,-11.61
288766120,-0.16,1.02,-10.75
288769856,0.00,0.86,-10.83
288773552,0.00,0.39,-10.28
288777276,0.08,0.31,-10.67
288780984,0.00,1.18,-9.26
288784640,0.16,0.55,-9.49
288788304,0.24,1.10,-10.12
288792040,0.16,0.78,-10.28
288795752,0.00,1.65,-10.04
288799444,0.00,1.80,-11.22
288803176,-0.16,0.78,-11.14
288806928,0.24,1.57,-10.43
288810648,-0.16,1.18,-10.90
288814404,-0.31,0.94,-11.30
288818156,-0.39,0.31,-12.08
288821896,-0.78,0.24,-11.92
288825640,-0.31,-0.31,-12.08
288829400,-0.39,-0.47,-11.30
288833164,-0.63,-0.63,-10.43
288836932,-0.55,-0.71,-11.92
288840692,-0.55,-0.71,-11.45
288844452,-0.94,-1.02,-11.53
288848212,-0.55,-0.78,-11.38
288851984,-0.31,-1.73,-11.30
288855752,-0.24,-1.10,-10.67
288859512,-0.47,-0.47,-11.06
288863280,-0.08,-0.86,-10.12
288867036,-0.55,-0.47,-10.43
288870808,-0.31,0.24,-10.59
288874544,-0.24,0.00,-10.12
288878268,-0.16,0.55,-10.12
288881992,0.00,0.63,-9.81
288885636,0.00,0.94,-10.75
288889336,0.00,1.18,-9.96
288892984,0.00,2.28,-9.10
288896620,0.00,2.12,-10.43
288900328,0.00,1.57,-10.04
288904028,-0.55,1.96,-10.04
288907760,0.00,1.26,-10.20
288911460,0.00,2.20,-9.49
288915108,0.08,1.49,-10.98
288918820,0.00,0.24,-10.75
288922556,0.47,0.24,-10.67
288926284,0.00,0.31,-10.59
288929988,-0.16,0.31,-10.12
288933744,-0.47,-0.78,-11.69
288937492,0.00,-0.71,-10.36
288941224,0.00,-0.24,-10.98
288944936,0.00,-0.55,-10.67
288948672,-0.47,-0.55,-10.75
288952444,-0.16,-0.31,-10.12
288956204,-0.16,-0.55,-8.63
288959916,-0.08,-0.08,-10.83
288963652,-0.39,0.00,-10.43
288967376,-0.08,0.00,-10.36
288971080,-0.24,0.00,-11.06
288974820,-0.63,0.94,-10.67
288978576,-0.78,0.16,-10.43
288982324,-0.39,1.26,-10.36
288986076,-0.47,0.31,-10.28
288989832,-0.78,0.31,-10.67
288993584,-0.39,0.55,-10.83
288997328,-0.16,0.31,-10.98
289001092,-0.31,0.47,-10.98
289004836,-0.39,0.55,-10.98
289008584,0.00,0.94,-11.06
289012284,0.00,0.47,-11.14
289016008,-0.71,0.31,-10.59
289019736,0.00,0.63,-10.51
289023456,0.00,0.08,-10.12
289027168,0.08,0.31,-10.75
289030888,0.63,0.86,-9.81
289034552,0.00,0.71,-10.36
289038276,0.00,0.94,-10.12
289041964,0.00,0.63,-10.12
289045688,-0.31,0.94,-10.43
289049420,0.24,0.00,-10.20
289053108,0.00,0.24,-10.59
289056824,0.00,0.24,-10.04
289060512,0.00,0.08,-10.75
289064216,0.55,0.00,-10.36
289067924,-0.16,0.00,-11.14
289071640,-0.39,0.00,-10.36
289075384,-0.39,0.55,-10.36
289079124,-1.02,0.78,-10.98
289082880,-0.31,0.94,-11.30
289086624,-0.39,1.49,-10.83
289090384,-0.39,0.31,-10.75
289094132,-0.39,0.00,-11.22
289097864,-0.47,0.55,-11.30
289101612,-0.71,0.63,-12.47
289105344,-0.08,0.00,-11.69
289109068,-0.16,0.24,-11.69
289112820,-0.08,0.24,-11.69
289116548,0.00,-0.31,-11.22
289120276,0.00,-0.63,-11.61
289123996,0.00,0.08,-11.14
289127676,0.00,0.00,-10.28
289131376,0.16,0.16,-10.04
289135112,0.08,0.24,-10.83
289138848,0.00,0.39,-10.43
289142548,0.00,0.78,-10.04
289146252,0.00,0.71,-10.04
289149956,0.24,1.57,-10.67
289153684,-0.16,1.41,-10.75
289157424,0.00,0.94,-10.12
289161140,0.00,1.41,-10.04
289164844,-0.16,1.26,-10.36
289168588,0.00,0.78,-10.75
289172300,-0.31,0.39,-10.75
289176060,-0.39,0.47,-10.75
289179820,-0.55,0.55,-10.12
289183580,-0.47,0.39,-11.38
289187324,-0.39,0.00,-10.43
289191056,-0.47,0.39,-10.98
289194804,-1.26,0.16,-11.45
289198564,-0.55,-0.16,-11.38
289202336,-0.08,-0.78,-11.06
289206092,-0.08,-0.63,-10.75
289209852,-0.39,-0.94,-11.22
289213620,-0.47,-0.08,-10.36
289217376,-0.31,-0.31,-11.14
289221144,-0.47,-0.55,-11.38
289224904,-0.39,0.16,-10.75
289228640,-0.08,0.00,-11.06
289232372,-0.47,0.47,-10.98
289236128,-0.39,0.94,-10.12
289239884,-0.24,0.94,-11.06
289243608,0.00,0.55,-9.26
289247264,0.00,1.57,-10.12
289250968,0.00,1.18,-10.28
289254676,0.00,1.10,-10.12
289258392,-0.16,1.02,-10.51
289262120,0.00,1.02,-9.65
289265760,0.00,0.63,-10.67
289269464,-0.16,1.57,-10.20
289273216,0.08,1.18,-11.30
289276936,0.16,0.00,-10.75
289280644,-0.31,0.24,-11.45
289284396,-0.16,0.55,-11.53
289288124,0.00,0.00,-10.75
289291808,-0.16,0.00,-11.14
289295560,-0.24,0.08,-10.67
289299288,0.00,0.31,-10.04
289303000,-0.08,0.08,-10.90
289306736,-0.47,0.78,-11.14
289310480,-0.39,0.86,-10.43
289314224,-0.08,1.41,-10.36
289317976,-0.63,0.47,-10.51
289321724,-0.24,0.47,-10.43
289325460,-0.55,1.10,-11.53
289329220,-0.16,0.86,-10.67
289332964,-0.78,0.71,-10.12
289336716,-0.47,0.86,-11.38
289340460,-0.39,0.00,-10.51
289344172,-0.71,0.00,-11.06
289347896,-0.71,0.55,-10.36
289351636,-0.55,-0.63,-10.20
289355408,-0.39,-0.63,-10.67
289359164,-0.08,-0.31,-10.67
289362912,-0.16,0.00,-10.98
289366644,-0.39,-0.31,-11.30
289370408,-0.31,-0.24,-11.22
289374172,-0.24,0.47,-11.53
289377936,-0.08,0.39,-11.06
289381668,-0.08,1.26,-10.75
289385412,-0.39,0.86,-10.67
289389156,0.00,1.02,-10.75
289392856,0.00,1.26,-10.75
289396568,0.00,0.86,-10.51
289400284,-0.47,0.86,-11.53
289404016,0.00,1.18,-10.51
289407716,0.00,0.71,-10.12
289411416,0.00,0.00,-10.12
289415116,-0.47,0.39,-10.36
289418860,0.00,0.63,-10.12
289422572,0.08,1.26,-10.36
289426276,0.00,0.00,-10.04
289429976,-0.63,0.16,-10.04
289433724,-0.08,0.55,-10.12
289437444,-0.16,0.00,-10.67
289441160,0.00,0.24,-9.73
289444800,0.00,0.00,-11.06
289448464,0.00,0.00,-10.28
289452164,-0.24,0.08,-10.36
289455912,-0.39,-0.31,-9.65
289459624,-0.39,0.86,-10.67
289463380,-1.02,0.08,-10.83
289467124,-0.47,0.39,-10.98
289470872,-0.47,0.08,-11.92
289474600,0.00,-0.08,-12.00
289478312,-0.94,-0.71,-11.61
289482060,-0.39,0.00,-11.06
289485792,-0.47,0.94,-11.92
289489532,-0.39,0.00,-11.14
289493252,-0.47,0.00,-11.22
289496980,-0.39,0.00,-10.59
289500716,-0.39,0.24,-10.51
289504460,-0.08,0.55,-10.04
289508176,0.00,0.39,-11.69
289511884,-0.39,0.86,-9.81
289515572,-0.39,1.57,-10.67
289519324,-0.63,0.55,-10.75
289523064,0.00,0.86,-10.75
289526768,0.00,0.78,-11.06
289530464,0.00,0.63,-9.96
289534116,0.00,0.31,-10.51
289537832,0.16,0.63,-10.20
289541540,0.00,0.00,-10.67
289545244,0.16,0.55,-10.20
289548964,0.08,0.16,-10.20
289552672,0.00,0.47,-10.75
289556384,0.00,0.78,-10.51
289560096,0.00,0.63,-10.20
289563808,0.00,0.47,-10.90
289567520,-0.31,0.94,-10.75
289571276,0.31,0.78,-10.83
289575020,-0.08,0.63,-10.51
289578756,0.00,0.08,-11.06
289582456,-0.47,0.55,-11.38
289586216,-0.47,0.39,-11.30
289589928,-0.31,0.00,-11.06
289593640,-0.24,0.00,-11.30
289597372,-0.94,-0.55,-10.43
289601144,-0.16,-0.08,-10.12
289604892,-0.31,0.63,-9.89
289608576,-0.55,-0.24,-9.89
289612288,-0.08,0.08,-9.26
289615960,-0.08,-0.39,-9.81
289619636,0.00,-0.16,-9.57
289623304,-0.16,-0.71,-8.94
289627020,-0.16,-0.86,-10.04
289630764,0.00,-0.63,-9.18
289634456,-0.16,0.08,-10.12
289638216,-0.24,0.24,-10.59
289641972,-0.55,-0.71,-10.12
289645752,-0.08,0.08,-10.28
289649476,0.00,0.24,-11.38
289653200,-0.08,0.63,-10.75
289656944,-0.16,0.16,-10.51
289660680,0.00,0.86,-10.75
289664396,0.00,0.31,-11.53
289668108,0.00,0.94,-11.77
289671816,-0.39,1.49,-10.75
289675564,-0.08,1.33,-10.75
289679296,0.00,1.57,-11.14
289683004,0.00,1.49,-10.75
289686724,-0.71,0.94,-9.96
289690428,0.31,0.78,-10.12
289694144,0.00,1.02,-10.04
289697856,-0.16,0.08,-10.12
289701572,0.00,0.16,-10.28
289705280,-0.24,0.00,-11.22
289709000,0.00,0.47,-10.83
289712720,-0.47,0.00,-10.67
289716444,-0.08,0.39,-10.43
289720184,-0.47,-0.16,-11.45
289723936,-0.16,-0.31,-11.53
289727708,-0.16,0.16,-11.06
289731452,-0.16,-0.86,-10.90
289735216,-0.24,0.16,-10.90
289738948,-0.55,-1.02,-11.30
289742716,-0.71,-0.24,-10.51
289746492,-0.16,-0.39,-10.67
289750264,-0.24,-0.31,-10.43
289754040,0.08,0.47,-10.83
289757772,-0.63,0.16,-10.67
289761520,-0.39,1.10,-11.38
289765256,-0.08,0.55,-10.75
289768992,-0.08,1.10,-10.43
289772728,-0.24,1.18,-10.90
289776476,-0.16,0.78,-10.67
289780232,-0.47,1.33,-10.04
289783976,0.00,1.41,-11.14
289787684,0.00,1.41,-10.75
289791388,0.00,1.18,-10.12
289795116,0.24,1.10,-10.75
289798840,-0.39,0.86,-10.59
289802568,0.00,0.31,-10.75
289806248,0.00,0.00,-9.57
289809868,0.00,0.24,-10.90
289813564,0.00,-0.24,-11.38
289817304,-0.08,0.47,-11.06
289821040,-0.39,-0.78,-11.38
289824796,0.00,0.24,-11.38
289828508,-0.86,-0.31,-10.90
289832268,-0.31,0.08,-10.98
289836008,-0.16,0.86,-10.51
289839768,-0.31,0.24,-10.90
289843504,-0.63,0.00,-10.75
289847232,-0.55,0.47,-10.36
289850996,-0.24,0.39,-11.38
289854712,0.00,0.00,-10.28
289858396,-0.31,0.00,-10.83
289862132,-0.24,0.08,-9.96
289865820,-0.16,0.31,-10.12
289869564,-0.31,1.02,-11.06
289873300,-0.08,1.10,-10.83
289877036,0.00,1.65,-10.20
289880752,-0.39,0.94,-10.98
289884504,-0.63,0.94,-10.75
289888260,-0.31,1.02,-11.22
289892012,-0.39,0.47,-10.67
289895740,0.00,0.71,-10.90
289899456,-0.16,0.78,-10.36
289903224,-0.31,0.16,-11.45
289906976,-0.16,0.16,-10.98
289910724,0.00,0.39,-10.36
289914428,0.00,0.08,-10.98
289918140,0.08,0.31,-10.43
289921844,0.00,0.00,-10.67
289925528,0.00,0.55,-10.12
289929256,-0.16,0.31,-10.04
289932992,-0.16,0.63,-10.12
289936728,0.00,0.63,-10.28
289940448,-0.63,0.47,-9.89
289944124,-0.47,0.00,-10.43
289947824,0.00,0.00,-10.04
289951512,0.00,0.63,-10.59
289955228,-0.16,-0.31,-9.89
289958956,-0.08,0.63,-10.83
289962696,-0.16,0.24,-10.43
289966460,-0.31,0.47,-10.75
289970224,-0.39,0.94,-11.06
289973956,-0.16,1.49,-10.43
289977712,-0.24,2.12,-10.28
289981472,0.00,0.94,-11.53
289985172,0.31,1.18,-11.53
289988924,-0.08,0.94,-11.38
289992664,-0.16,0.94,-11.85
289996420,0.24,0.31,-11.38
290000140,0.00,0.31,-11.14
290003848,0.00,0.08,-10.67
290007552,-0.31,-0.78,-11.69
290011328,-0.55,-0.47,-11.38
290015108,-0.31,-0.71,-11.30
290018868,-0.39,-0.71,-11.92
290022636,-0.47,-0.31,-11.30
290026380,-0.16,0.00,-11.06
290030116,-0.39,-0.31,-11.53
290033884,-0.31,0.16,-11.22
290037616,-0.31,0.00,-10.20
290041348,-0.31,0.39,-9.73
290045040,-0.16,0.55,-10.04
290048768,0.00,0.86,-10.04
290052472,-0.71,0.63,-10.12
290056220,0.00,0.94,-10.04
290059908,0.00,0.86,-10.12
290063592,0.00,0.55,-9.41
290067256,0.24,1.18,-10.67
290070984,0.00,0.08,-10.75
290074688,0.00,0.39,-10.75
290078400,0.08,0.78,-10.83
290082104,0.00,0.00,-11.30
290085812,-0.16,0.16,-10.75
290089544,0.00,0.55,-11.30
290093236,0.00,0.86,-11.06
290096936,-0.31,0.00,-11.22
290100668,0.08,0.08,-11.38
290104388,0.16,0.16,-10.90
290108116,0.00,0.16,-10.75
290111824,0.00,-0.24,-11.06
290115528,0.00,0.00,-9.73
290119156,-0.47,0.00,-9.65
290122820,0.31,0.94,-9.89
290126484,0.16,0.08,-9.96
290130140,0.24,0.39,-10.12
290133864,0.08,0.31,-9.96
290137520,0.00,0.63,-9.73
290141172,0.00,0.08,-10.51
290144856,0.00,0.55,-10.83
290148572,-0.08,0.39,-11.06
290152312,-0.24,-0.71,-9.57
290156036,-0.31,-0.47,-10.59
290159808,-0.16,-0.31,-10.20
290163568,-0.39,-0.63,-10.98
290167320,-0.86,0.00,-11.22
290171064,-0.16,0.31,-10.90
290174812,-0.39,-0.16,-10.75
290178576,-0.47,0.16,-11.53
290182312,-0.16,0.00,-11.61
290186032,-0.71,0.00,-11.45
290189768,-0.71,1.02,-12.47
290193512,-0.55,0.63,-11.77
290197264,-1.26,0.63,-12.40
290201016,-0.47,0.24,-12.55
290204772,-0.47,0.24,-11.30
290208524,-0.16,0.08,-11.30
290212240,-0.39,0.00,-10.28
290215976,-0.31,0.24,-10.04
290219712,-0.16,-0.31,-8.47
290223416,0.24,-5.41,-25.58
290227176,-10.75,-5.41,-14.44
290231004,40.13,-40.17,-40.17
290234892,-40.17,-37.03,-17.10
290238784,-40.17,40.13,-40.17
290242660,40.13,40.13,-40.17
290246524,-40.17,16.00,-40.17
290250380,40.13,-40.17,40.13
290254236,-17.81,34.21,40.13
290258108,-40.17,-40.17,40.13
290261988,-40.17,-3.37,40.13
290265812,-40.17,-40.17,40.13
290269696,-40.17,-40.17,40.13
290273568,-40.17,40.13,40.13
290277432,40.13,-11.38,40.13
290281308,-40.17,-11.14,-40.17
290285208,-40.17,40.13,-40.17
290289096,-40.17,-38.05,-40.17
290292992,25.03,40.13,40.13
290296816,40.13,40.13,-27.07
290300680,-18.51,40.13,-26.05
290304536,9.34,40.13,-18.51
290308344,12.40,36.40,-11.53
290312192,0.08,20.87,-6.59
290315904,6.90,17.10,-6.59
290319620,1.73,5.65,-7.37
290323288,-1.49,3.92,-9.57
290326976,-1.96,-6.90,-10.20
290330740,-6.12,-6.59,-12.63
290334516,-6.35,-13.65,-17.10
290338364,0.24,-15.77,-16.71
290342176,-2.59,-9.41,-17.10
290345944,-0.71,-9.34,-18.51
290349720,-6.35,-7.06,-22.59
290353480,-5.10,-6.04,-20.71
290357244,-3.45,-5.49,-18.20
290361008,-2.75,-5.65,-16.48
290364792,-3.06,-4.39,-15.69
290368560,-2.98,-7.53,-14.75
290372332,-3.45,-6.90,-12.55
290376096,-3.22,-7.85,-12.87
290379868,-3.30,-8.08,-11.53
290383636,-2.67,-8.39,-10.75
290387404,-2.59,-8.55,-10.12
290391196,-2.59,-8.55,-11.30
290394964,-2.28,-7.22,-10.12
290398756,-1.65,-5.65,-10.20
290402520,-1.41,-5.57,-8.87
290406232,-1.33,-2.82,-9.18
290409948,-0.94,-2.98,-9.49
290413652,-0.86,-2.28,-8.47
290417356,-1.10,-2.04,-8.79
290421060,-0.31,-0.78,-7.53
290424764,0.63,2.43,-6.59
290428448,0.31,2.82,-9.41
290432116,1.73,5.49,-8.79
290435776,2.04,6.59,-9.10
290439436,2.43,7.92,-10.59
290443176,2.90,7.06,-9.57
290446828,3.69,6.90,-8.39
290450488,2.82,5.57,-8.47
290454148,3.61,5.41,-8.08
290457804,3.06,4.47,-8.00
290461448,3.37,2.82,-6.35
290465136,3.37,2.35,-6.12
290468808,3.06,1.18,-7.37
290472488,2.20,-22.59,-38.44
290476296,-15.14,-2.67,-6.98
290480060,5.88,4.31,-5.10
290483732,2.12,-2.59,-8.24
290487432,-3.06,-3.45,-9.02
290491124,-2.04,-4.63,-7.61
290494836,2.43,-4.31,-6.35
290498532,-1.65,-4.08,-8.08
290502244,-0.39,-2.67,-8.87
290505952,1.88,-1.73,-9.26
290509640,1.80,0.00,-9.26
290513292,1.41,0.63,-9.73
290516968,1.49,1.18,-9.57
290520656,1.57,1.02,-9.73
290524348,0.78,1.65,-10.75
290528084,0.55,1.10,-12.71
290531828,0.24,1.02,-13.42
290535568,-0.08,0.47,-14.20
290539304,-0.39,0.39,-14.67
290543056,-0.86,0.08,-14.98
290546792,-1.02,-0.16,-15.61
290550560,-0.31,0.24,-15.61
290554320,-0.78,0.63,-15.61
290558080,-0.78,0.63,-15.30
290561828,-0.71,0.86,-15.14
290565580,-0.78,0.86,-14.83
290569324,-0.71,0.31,-14.20
290573088,-0.71,0.86,-14.20
290576840,-0.94,0.94,-14.12
290580580,-0.31,-0.94,-12.32
290584332,0.00,-1.10,-12.94
290588052,0.16,-1.33,-12.55
290591804,0.08,-1.18,-11.69
290595544,0.47,-1.10,-11.53
290599304,0.63,-1.02,-10.28
290603044,1.33,-0.39,-10.83
290606792,1.18,0.63,-10.43
290610536,1.41,0.94,-10.51
290614272,1.88,1.57,-9.49
290617952,1.73,1.26,-9.96
290621636,1.80,1.80,-10.04
290625344,1.80,1.96,-9.10
290629008,2.04,2.12,-9.49
290632676,1.26,2.43,-9.96
290636376,1.57,1.73,-10.43
290640112,1.10,1.57,-10.20
290643848,0.94,2.12,-11.85
290647580,1.02,0.31,-12.16
290651312,0.00,0.31,-11.53
290655032,-0.08,-1.26,-11.06
290658784,-0.47,0.00,-11.22
290662512,-0.78,0.71,-11.53
290666256,-0.31,1.26,-11.45
290670008,-0.31,1.49,-11.53
290673768,-0.39,0.55,-12.16
290677512,0.00,0.24,-11.77
290681228,-0.08,0.78,-11.69
290684940,0.00,0.00,-11.85
290688632,0.24,0.55,-12.00
290692360,0.16,0.31,-11.14
290696096,0.16,1.26,-10.83
290699836,0.39,0.94,-12.00
290703548,0.47,1.18,-11.53
290707272,0.16,0.00,-11.69
290710980,0.24,0.00,-11.92
290714680,0.00,-1.10,-10.12
290718388,0.00,-2.35,-10.90
290722120,-0.08,-2.51,-10.28
290725880,-0.47,-2.82,-11.77
290729656,-0.78,-2.51,-10.98
290733420,-1.26,-2.51,-11.30
290737200,-1.10,-2.51,-10.59
290740968,-0.94,-2.51,-10.36
290744740,-0.63,-1.49,-10.75
290748508,-1.10,-0.86,-11.85
290752256,-0.86,0.00,-11.61
290755988,-0.39,0.94,-11.53
290759740,-0.71,0.47,-11.61
290763492,-0.16,1.10,-12.08
290767228,0.00,1.10,-12.55
290770940,0.16,1.88,-12.71
290774672,0.08,2.35,-13.02
290778396,0.55,2.98,-12.87
290782140,0.63,2.67,-11.69
290785876,0.55,3.69,-11.45
290789600,0.86,3.77,-10.83
290793328,1.02,4.39,-9.41
290796988,0.86,4.31,-9.10
290800660,1.88,3.69,-8.87
290804340,1.18,3.69,-7.92
290808004,1.41,2.82,-7.22
290811676,1.18,2.75,-7.53
290815364,1.02,1.49,-6.67
290819056,0.78,0.94,-6.98
290822728,1.73,0.31,-6.98
290826404,1.18,0.00,-7.53
290830048,0.94,0.00,-8.00
290833684,0.55,0.16,-8.47
290837360,0.24,-0.24,-8.39
290841036,0.00,-0.39,-10.67
290844764,0.47,0.08,-11.61
290848492,-0.31,-0.47,-11.92
290852252,-0.47,-0.39,-13.73
290856024,-0.47,-1.33,-12.87
290859796,-0.94,-0.94,-12.94
290863552,-1.02,-0.63,-12.94
290867324,-1.33,-0.78,-13.18
290871096,-1.33,0.24,-12.87
290874828,-1.33,0.00,-12.16
290878556,-1.18,0.24,-12.79
290882308,-1.65,0.08,-12.79
290886036,-1.02,1.02,-12.00
290889776,-1.02,1.49,-10.36
290893536,-1.26,1.57,-11.38
290897296,-0.94,2.20,-11.30
290901032,-0.55,2.20,-11.61
290904780,-0.55,1.18,-10.36
290908536,-0.71,0.86,-10.43
290912296,-0.55,0.86,-10.20
290916028,-0.31,0.55,-11.06
290919768,-0.31,0.55,-11.30
290923528,-0.31,0.24,-10.75
290927260,-0.39,0.00,-11.61
290930996,-0.63,-0.55,-11.38
290934768,-0.55,-0.71,-11.53
290938528,-0.31,-1.41,-12.00
290942296,-0.31,-1.88,-12.55
290946080,-0.16,-1.88,-11.77
290949836,0.00,-2.51,-11.85
290953560,0.00,-1.49,-11.06
290957276,0.00,-1.18,-11.06
290961008,0.00,-0.31,-11.30
290964736,0.08,0.00,-10.90
290968432,0.16,1.41,-9.89
290972092,0.00,1.26,-10.75
290975804,0.00,2.20,-10.04
290979500,0.16,1.57,-10.04
290983228,0.16,1.88,-9.49
290986904,0.24,2.35,-9.34
290990596,0.63,2.82,-11.06
290994332,0.31,2.59,-11.30
290998060,0.16,2.82,-10.75
291001792,0.08,2.43,-10.43
291005516,0.08,1.41,-11.30
291009252,0.47,1.57,-11.06
291012968,0.00,0.86,-10.75
291016680,-0.16,0.86,-11.22
291020424,-0.71,-0.31,-10.67
291024200,-0.16,-0.16,-10.90
291027952,-0.39,-1.02,-11.61
291031720,-0.63,-1.02,-10.67
291035492,-0.39,-1.49,-9.96
291039192,-0.31,-1.26,-9.73
291042916,-0.39,-0.86,-10.28
291046680,-0.94,-0.47,-10.04
291050420,-0.24,0.00,-10.20
291054148,-0.31,0.00,-10.36
291057876,-0.39,0.55,-10.67
291061624,-0.39,0.63,-10.75
291065368,-0.55,0.63,-11.38
291069112,-0.31,0.55,-10.67
291072868,0.31,1.02,-10.90
291076604,-0.47,1.41,-11.38
291080368,-0.24,0.55,-11.92
291084128,-0.16,1.57,-11.92
291087880,-0.39,0.94,-12.00
291091620,-0.31,1.80,-11.22
291095364,-0.24,1.18,-10.98
291099128,-0.31,1.18,-11.61
291102884,-0.24,0.71,-10.90
291106628,-0.31,1.10,-10.12
291110392,-0.39,-0.24,-10.83
291114160,-0.16,-0.31,-11.06
291117900,0.00,-0.94,-9.10
291121564,-0.16,-1.02,-10.75
291125340,-0.24,-0.86,-10.12
291129084,0.00,-0.55,-10.20
291132800,0.00,-0.71,-11.30
291136532,-0.31,-0.24,-10.75
291140288,0.00,-0.08,-11.14
291143988,0.00,0.16,-10.75
291147716,0.16,0.94,-10.04
291151448,-0.24,0.47,-10.75
291155192,-0.08,1.02,-11.45
291158924,0.00,0.94,-10.75
291162644,-0.08,1.88,-10.67
291166388,-0.55,1.88,-10.43
291170132,0.00,2.04,-10.04
291173820,0.00,2.43,-10.43
291177528,0.00,1.33,-10.04
291181232,0.00,1.57,-10.51
291184936,0.00,1.18,-10.12
291188652,0.00,0.47,-10.36
291192340,0.00,0.00,-10.12
291196040,0.00,-0.08,-10.36
291199772,0.16,-0.86,-10.12
291203512,0.00,-0.47,-10.04
291207224,0.00,-0.08,-10.98
291210916,0.00,-0.86,-10.04
291214648,-0.16,-0.08,-10.12
291218400,0.00,-0.78,-10.75
291222124,0.00,-0.55,-10.12
291225848,0.31,0.00,-10.36
291229564,0.08,0.16,-9.65
291233212,-0.24,0.00,-10.43
291236920,0.00,0.00,-9.65
291240556,-0.08,0.00,-10.12
291244284,0.24,0.55,-9.57
291247948,-0.31,0.71,-10.28
291251716,-0.16,0.16,-10.20
291255460,-0.47,0.00,-10.98
291259196,-0.39,0.55,-11.14
291262948,-0.71,0.24,-11.61
291266716,-0.39,1.02,-11.45
291270468,-0.31,0.55,-12.00
291274212,-0.78,0.78,-12.00
291277940,-0.55,1.26,-11.92
291281700,-0.39,1.57,-10.36
291285472,-0.47,0.24,-10.83
291289236,-0.71,0.16,-10.75
291292972,-0.47,0.00,-10.43
291296692,-0.24,0.00,-10.98
291300408,0.00,-0.94,-10.12
291304136,-0.39,-1.02,-10.98
291307896,-0.16,-1.18,-10.90
291311664,-0.31,-0.71,-10.36
291315436,-0.31,-0.63,-10.36
291319180,0.00,0.00,-10.36
291322868,0.00,-0.24,-9.73
291326532,0.00,0.24,-10.43
291330260,0.16,0.55,-10.43
291333976,0.00,0.08,-10.83
291337664,0.08,0.00,-10.75
291341352,0.00,0.00,-10.59
291345044,-0.16,0.71,-10.98
291348792,0.47,0.71,-10.75
291352508,0.00,0.78,-10.36
291356216,0.00,0.39,-10.90
291359916,0.00,0.08,-10.67
291363628,0.16,0.63,-10.67
291367352,0.00,0.39,-10.36
291371068,-0.16,0.31,-10.98
291374820,-0.24,0.24,-10.12
291378572,-0.08,-0.47,-9.96
291382284,0.08,-0.71,-11.06
291386008,0.00,-0.78,-11.14
291389732,0.00,-0.78,-10.12
291393476,-0.63,-0.31,-10.59
291397240,0.00,-0.47,-10.75
291400952,0.00,-0.86,-10.67
291404668,0.55,0.31,-11.38
291408396,0.00,0.31,-10.59
291412120,0.00,0.78,-10.12
291415824,0.00,0.31,-11.38
291419540,0.47,0.63,-10.67
291423268,0.00,1.18,-9.81
291426940,0.08,0.71,-10.75
291430644,0.00,0.55,-9.73
291434308,0.00,0.63,-10.67
291438028,-0.16,0.31,-10.59
291441776,0.16,0.94,-10.04
291445492,0.00,0.47,-9.10
291449132,0.00,0.78,-9.89
291452764,0.00,0.24,-9.81
291456396,0.00,0.00,-10.75
291460072,-0.31,0.00,-10.90
291463808,-0.08,0.08,-10.75
291467536,-0.39,-0.08,-10.75
291471304,-0.39,-0.24,-10.67
291475072,-0.55,-0.47,-10.83
291478848,-0.47,-0.71,-10.90
291482616,-0.31,-0.31,-11.85
291486380,-0.16,-0.94,-12.00
291490144,-0.55,0.24,-11.61
291493876,-0.78,0.00,-11.45
291497600,-0.94,0.00,-11.30
291501324,-0.47,0.24,-11.38
291505068,-0.31,0.00,-10.90
291508788,0.00,0.08,-10.98
291512480,-0.08,0.00,-11.06
291516192,-0.39,0.55,-11.06
291519916,-0.39,0.00,-10.83
291523660,-0.39,0.24,-11.53
291527380,-0.55,0.00,-11.30
291531128,-0.31,0.08,-10.75
291534880,-0.31,0.24,-10.83
291538624,-0.39,0.55,-10.90
291542380,-0.31,0.31,-10.36
291546136,0.00,0.86,-10.67
291549852,-0.16,0.39,-10.51
291553600,0.31,1.18,-10.28
291557316,0.00,0.86,-10.98
291561044,-0.39,0.94,-10.67
291564784,0.16,1.18,-11.38
291568520,0.63,1.26,-10.43
291572256,0.00,1.18,-10.36
291575984,-0.24,0.08,-10.90
291579696,0.00,0.00,-10.75
291583396,0.31,-0.71,-10.12
291587152,-0.16,-0.24,-10.12
291590924,0.08,-0.31,-10.43
291594672,-0.31,-1.10,-10.04
291598448,0.16,-0.39,-10.12
291602188,0.00,-0.63,-10.75
291605920,0.16,-1.18,-10.36
291609660,0.00,-0.47,-10.12
291613380,-0.47,0.00,-10.83
291617116,-0.16,0.00,-9.73
291620780,0.24,0.00,-10.75
291624496,-0.78,0.63,-11.30
291628228,-0.78,-2.51,-9.57
291631932,-2.98,-4.63,-6.35
291635644,-0.71,-3.53,-10.43
291639420,-0.39,-0.16,-11.06
291643184,-0.63,0.24,-11.69
291646908,0.00,0.00,-11.69
291650600,0.00,-0.55,-11.38
291654308,-0.78,0.00,-11.14
291658056,-0.94,0.08,-10.75
291661788,-0.78,1.57,-10.43
291665528,0.00,1.10,-12.16
291669256,-0.86,0.47,-12.00
291672996,-0.31,0.71,-11.69
291676728,0.00,0.39,-10.83
291680444,0.00,1.73,-10.36
291684172,-0.31,0.86,-10.75
291687904,0.00,1.33,-10.04
291691616,-0.16,1.26,-9.73
291695312,-0.63,1.33,-10.67
291699068,0.16,1.26,-11.30
291702796,0.00,1.10,-10.43
291706488,0.00,1.18,-11.61
291710212,-0.39,1.49,-10.75
291713944,0.00,0.47,-11.14
291717660,-0.24,0.94,-11.38
291721412,-0.31,0.47,-10.98
291725156,-0.63,0.08,-9.81
291728836,-0.24,0.24,-10.28
291732588,-0.31,-0.31,-10.04
291736328,-0.71,0.00,-10.36
291740064,-0.16,-0.16,-11.30
291743820,-0.16,0.00,-10.43
291747564,-0.16,-0.78,-10.59
291751324,-0.94,-0.55,-10.43
291755080,-0.39,-0.31,-10.75
291758848,-0.08,0.63,-11.22
291762568,-0.71,0.00,-10.83
291766312,-0.08,-0.31,-11.38
291770060,-0.16,-1.26,-10.43
291773828,0.08,-3.77,-10.20
291777568,0.47,-2.59,-9.34
291781264,0.08,-0.31,-9.49
291784952,0.39,-0.63,-10.12
291788704,0.24,-0.86,-9.49
291792380,0.16,0.00,-10.36
291796080,0.00,0.47,-9.81
291799720,0.00,0.86,-10.83
291803408,0.00,1.10,-10.43
291807116,0.00,1.41,-11.45
291810836,-0.08,1.88,-10.75
291814584,-0.86,2.20,-11.06
291818320,-0.16,1.88,-10.90
291822072,-0.39,2.43,-11.85
291825840,-0.71,2.43,-11.38
291829596,-0.24,2.20,-11.77
291833348,-0.39,0.86,-11.45
291837108,-0.63,0.94,-10.67
291840856,-0.24,0.63,-11.30
291844612,-0.39,0.24,-11.06
291848348,-0.63,0.00,-10.67
291852076,-0.08,0.24,-10.98
291855808,-0.39,0.00,-11.22
291859532,-0.16,0.94,-11.69
291863280,-0.78,0.08,-11.30
291867028,-0.71,0.08,-11.61
291870772,-0.24,-0.63,-11.77
291874520,0.00,-0.24,-11.06
291878264,-0.31,-0.08,-11.61
291882032,-0.16,-0.55,-11.22
291885804,-0.24,-0.55,-10.04
291889560,-0.39,-0.94,-10.12
291893320,-0.08,-0.24,-10.12
291897068,0.00,-0.08,-10.43
291900784,0.00,-0.31,-10.04
291904484,0.00,0.00,-10.36
291908176,0.00,0.24,-10.04
291911868,0.00,0.24,-10.12
291915584,0.00,0.16,-9.81
291919260,0.08,0.78,-10.75
291922972,0.00,0.24,-9.10
291926620,0.16,0.94,-10.36
291930360,-0.24,0.16,-10.43
291934112,0.08,1.10,-11.14
291937816,0.00,1.26,-11.06
291941532,-0.16,1.33,-11.45
291945284,-0.39,1.96,-10.98
291949040,-0.39,1.88,-11.45
291952780,-0.08,1.57,-11.69
291956512,-0.39,1.26,-12.00
291960264,-0.39,0.86,-11.14
291964024,-0.47,0.86,-11.14
291967760,-0.16,0.00,-10.98
291971472,-0.39,0.00,-10.12
291975212,-0.16,-0.55,-10.75
291978984,-0.31,-0.08,-10.90
291982736,-0.08,-0.94,-10.12
291986488,-0.16,-0.94,-9.73
291990196,-0.55,-0.63,-10.28
291993972,-0.16,-0.24,-10.20
291997724,0.00,-0.31,-10.67
292001456,-0.08,-0.31,-10.28
292005196,0.00,-0.63,-10.43
292008916,0.00,-0.78,-10.75
292012648,0.16,-1.02,-10.67
292016396,0.16,-0.71,-10.04
292020156,-0.24,-0.16,-10.04
292023924,-0.16,0.86,-10.75
292027672,-0.39,0.78,-10.51
292031432,-0.78,0.94,-10.36
292035192,-0.16,0.47,-10.36
292038940,-0.31,0.39,-10.12
292042684,0.00,1.10,-11.06
292046388,0.00,0.86,-11.06
292050112,-0.24,1.88,-10.36
292053848,-0.31,1.10,-10.98
292057612,-0.47,0.47,-10.28
292061352,-0.08,1.18,-11.53
292065096,0.00,0.78,-11.30
292068812,-0.86,0.08,-11.53
292072548,-0.16,0.55,-11.38
292076280,-0.39,0.00,-11.30
292080016,-0.39,0.86,-10.98
292083748,0.00,0.55,-10.59
292087460,-0.47,0.39,-10.51
292091212,-0.24,-0.24,-8.87
292094892,0.00,0.00,-10.98
292098600,-0.94,0.24,-11.14
292102324,-0.47,0.00,-10.67
292106052,-0.39,-0.31,-11.14
292109832,-0.71,-0.86,-10.75
292113612,-0.63,-0.24,-11.30
292117380,-0.31,-0.94,-10.04
292121132,0.00,-0.47,-10.20
292124868,0.16,-0.39,-10.75
292128612,0.00,0.08,-10.28
292132308,0.00,0.55,-10.83
292136004,0.00,0.00,-10.43
292139684,0.16,0.00,-9.81
292143344,-0.47,0.63,-10.12
292147100,0.08,0.08,-10.12
292150816,-0.16,0.78,-9.57
292154516,-0.24,0.31,-10.12
292158264,0.00,0.31,-10.59
292161976,-0.16,1.02,-10.43
292165708,0.00,0.71,-10.04
292169424,-0.16,0.31,-10.51
292173176,-0.31,1.10,-10.20
292176924,-0.16,1.18,-10.59
292180676,-0.16,0.24,-10.51
292184436,-0.55,0.94,-11.14
292188192,-0.24,0.39,-10.75
292191940,-0.31,0.94,-11.30
292195700,-0.94,0.24,-11.69
292199452,-0.39,0.47,-11.53
292203196,-0.16,0.24,-10.36
292206960,-0.31,0.16,-11.22
292210732,-0.08,0.24,-11.45
292214460,-0.39,0.31,-11.45
292218220,-0.39,-0.63,-10.98
292222004,-0.78,-0.47,-10.51
292225768,-0.39,0.24,-10.83
292229508,-0.47,-0.55,-10.75
292233272,-0.39,0.00,-10.98
292237008,-0.24,0.08,-10.59
292240732,-0.16,0.00,-10.59
292244448,-0.31,0.00,-10.36
292248196,-0.71,0.63,-10.12
292251952,-0.16,0.63,-11.06
292255680,0.00,0.31,-10.04
292259408,-0.63,0.31,-10.20
292263160,-0.16,0.47,-10.36
292266888,0.00,1.02,-9.81
292270544,-0.16,1.26,-10.12
292274304,0.24,0.24,-10.28
292278028,-0.24,0.55,-9.65
292281720,-0.16,0.47,-10.43
292285452,0.00,0.63,-10.12
292289156,0.00,0.78,-10.51
292292876,0.24,0.24,-10.20
292296604,-0.16,0.24,-10.83
292300348,0.00,0.63,-10.75
292304080,-0.16,0.24,-11.14
292307824,-0.47,0.63,-10.75
292311556,-0.16,0.00,-10.98
292315280,-0.47,0.00,-10.36
292319004,-0.24,0.00,-11.38
292322740,-0.39,0.31,-10.51
292326484,-0.39,-0.24,-10.12
292330236,-0.16,0.00,-11.38
292333976,-0.63,0.39,-11.14
292337728,-0.16,0.94,-10.12
292341460,0.00,0.47,-10.04
292345164,-0.31,0.86,-9.57
292348868,-0.08,0.24,-10.67
292352592,0.00,0.94,-11.06
292356296,-0.16,0.24,-10.12
292360044,-0.47,0.63,-11.38
292363784,0.00,0.55,-10.36
292367504,-0.16,0.55,-10.75
292371268,-0.16,-0.71,-10.67
292375028,0.00,-1.18,-10.98
292378768,-0.16,-0.24,-10.04
292382536,-0.24,-1.26,-10.51
292386308,0.08,-0.63,-11.06
292390024,-0.16,0.00,-10.75
292393760,-0.08,0.78,-10.36
292397504,-0.08,0.16,-10.90
292401236,0.00,0.16,-10.28
292404964,-0.39,0.63,-10.43
292408696,-0.39,0.00,-10.43
292412432,-0.39,0.71,-10.51
292416188,-0.39,0.71,-11.30
292419940,-0.16,1.49,-10.90
292423672,0.00,0.71,-10.83
292427400,-0.78,0.47,-10.75
292431152,-0.47,0.55,-10.43
292434904,-0.31,0.47,-10.12
292438660,-0.39,0.31,-10.43
292442412,-0.39,0.55,-10.90
292446152,-0.39,-0.31,-11.22
292449920,-0.24,0.08,-10.75
292453656,0.16,0.00,-10.28
292457372,-0.24,-0.31,-10.04
292461144,-0.39,-0.55,-11.30
292464904,-0.63,-0.55,-10.67
292468672,-0.08,-0.78,-11.06
292472428,-0.47,-0.86,-9.49
292476132,-0.47,-0.86,-11.22
292479900,-0.16,-0.55,-10.83
292483668,-0.55,0.00